Title: Spectroscopic Observation and Analysis of H II regions in M33 
       with MMT: Temperatures and Oxygen Abundances 
Authors: Lin Z., Hu N., Kong X., Gao Y., Zou H., Wang E., Cheng F., Fang G., 
         Lin L., Wang J. 
Table: Sample of HII regions observed in M33
================================================================================
Byte-by-byte Description of file: apjaa6f14t1_mrt.txt
--------------------------------------------------------------------------------
   Bytes Format Units    Label      Explanations
--------------------------------------------------------------------------------
   1-  3 I3     ---      ID         Identification of HII region (1)
   5- 17 A13    ---      Name       ? HII region name from published catalog (2)
  19- 19 I1     h        RAh        Hour of Right Ascension (J2000)
  21- 22 I2     min      RAm        Minute of Right Ascension (J2000)
  24- 28 F5.2   s        RAs        Second of Right Ascension (J2000)
  30- 30 A1     ---      DE-        Sign of Declination (J2000)
  32- 33 I2     deg      DEd        Degree of Declination (J2000)
  35- 36 I2     arcmin   DEm        Arcminute of Declination (J2000)
  38- 41 F4.1   arcsec   DEs        Arcsecond of Declination (J2000)
  43- 47 F5.3   kpc      R          Physical distance to the center of M33 (3)
  49- 53 F5.3   ---      R/R25      R to R25 ratio (4)
  55- 60 F6.2   deg      PA         Position angle (5)
  62- 62 I1     ---      Flag[OIII] ? Flag of [OIII] 4363 detection (6)
  64- 64 I1     ---      Flag[NII]  ? Flag of [NII] 5755 detection (6)
  66- 66 I1     ---      Night      Flag of the observed night (7)
--------------------------------------------------------------------------------
Note (1): IDs of HII regions sorted by right ascension. A total of 10 regions 
          (ID=72, 148, 150, 160, 246, 324, 327, 397, 403, 409) do not have 
          significant [OIII] 5007 or [NII] 6583 detections. A total of 18 HII 
          regions with the following IDs lie above the Kauffmann et al. (2003) 
          [2003MNRAS.346.1055K] line at the BPT diagram, indicating that they 
          are likely not star-forming dominated regions: 45, 79, 107, 151, 164,
          217, 224, 233, 237, 252, 265, 291, 308, 322, 357, 379, 389, 398.
Note (2): 
    BCLMP = Boulesteix et al. (1974) [1974A&A....37...33B]; 
    VGV86 = Viallefond et al. (1986) [1986A&AS...64..237V]; 
    CPSDP = Courtes et al. (1987) [1987A&A...174...28C]; 
    GDK99 = Gordon et al. (1999) [1999ApJS..120..247G]; 
      HBW = Hodge et al. (1999) [1999PASP..111..685H].
Note (3): Physical distances to the center of M33 located at 
          R.A. = 1:33:50.89, Decl. = 30:39:36.8 (J2000.0)
          (Plucinsky et al. 2008) [2008ApJS..174..366P]. We assumed a distance 
          to M33 of 878 kpc, an inclination of 56 arcdeg 
          (Zaritsky et al. 1989) [1989AJ.....97...97Z], and a position angle 
          of 23 arcdeg (Zaritsky et al. 1989).
Note (4): Assumed an R25 of 28.2 arcmin (de Vaucouleurs 1959)
          [1959ApJ...130..728D].
Note (5): Position angles are de-projected angles on the disk of M33, measured 
          from north to east.
Note (6): Numbers indicate the detected quality of two auroral Lines, "1" 
          represents an emission line with a significant detection (S/N>=3) but
          without a well-defined profile, "2" represents an emission line with 
          not only a significant detection but also a well-defined profile.
Note (7): Observation nights of each object. "1", "2", and "3" indicate the 
          nights of 2013 October 9, 12, and 15, respectively.
--------------------------------------------------------------------------------
  1               1 32 26.34 + 30 30 10.9 7.203 1.000 273.15     1 
  2 CPSDP 393     1 32 27.24 + 30 25 36.3 7.186 0.998 262.10     1 
  3 HBW 2         1 32 29.11 + 30 30 45.7 6.971 0.968 273.80     2 
  4 BCLMP 275     1 32 29.58 + 30 36 10.6 7.208 1.001 286.45 1   1 
  5 HBW 3         1 32 30.05 + 30 32 37.0 6.944 0.964 278.07     1 
  6 VGV86 II-001  1 32 30.23 + 30 27 38.6 6.881 0.955 265.84   1 3 
  7 HBW 8         1 32 30.37 + 30 27 14.7 6.879 0.955 264.81     2 
  8 BCLMP 274a    1 32 31.60 + 30 35 25.9 6.964 0.967 284.52 2   1 
  9 BCLMP 274     1 32 31.67 + 30 35 15.9 6.945 0.964 284.12   1 3 
 10 BCLMP 274     1 32 32.42 + 30 35 20.1 6.881 0.955 284.19 2 1 2 
 11 CPSDP 394     1 32 34.04 + 30 27 31.4 6.573 0.913 264.08 2 1 3 
 12 CPSDP 6       1 32 34.26 + 30 27  7.8 6.569 0.912 262.98     1 
 13 CPSDP 5       1 32 34.58 + 30 26 26.8 6.572 0.912 261.10     3 
 14 CPSDP 7       1 32 34.98 + 30 27 15.1 6.507 0.903 263.00 1   2 
 15 HBW 28        1 32 34.98 + 30 30 27.7 6.458 0.897 271.36     1 
 16 BCLMP 281     1 32 37.43 + 30 39 51.7 6.856 0.952 294.41     1 
 17 BCLMP 281     1 32 37.72 + 30 40  6.6 6.860 0.953 294.97     2 
 18 CPSDP 3       1 32 38.22 + 30 24 52.7 6.391 0.887 255.36     2 
 19 CPSDP 55      1 32 38.40 + 30 41  9.1 6.931 0.962 297.28     1 
 20               1 32 39.12 + 30 40 41.2 6.803 0.945 296.29 1   1 
 21 BCLMP 281     1 32 39.26 + 30 39 42.9 6.668 0.926 294.09   1 3 
 22 CPSDP 3A      1 32 39.52 + 30 24 52.6 6.298 0.874 254.67     3 
 23 BCLMP 281     1 32 39.52 + 30 40  6.9 6.693 0.929 295.01     3 
 24 CPSDP 395     1 32 39.80 + 30 22 28.7 6.503 0.903 248.51 1 1 1 
 25 BCLMP 266     1 32 40.74 + 30 24 25.3 6.248 0.868 252.83     1 
 26               1 32 41.03 + 30 20 46.6 6.630 0.921 243.77     2 
 27 BCLMP 264     1 32 41.14 + 30 22 27.0 6.419 0.891 247.65     3 
 28               1 32 41.32 + 30 31 47.5 5.925 0.823 272.97     2 
 29 BCLMP 269     1 32 41.75 + 30 25 11.5 6.112 0.849 254.28     1 
 30               1 32 41.78 + 30 24  9.5 6.200 0.861 251.55   1 2 
 31 BCLMP 263     1 32 42.14 + 30 21 14.8 6.502 0.903 244.16 2 2 1 
 32 CPSDP 62      1 32 44.05 + 30 36  3.5 5.867 0.815 284.43     1 
 33 CPSDP 400     1 32 44.45 + 30 35 17.3 5.779 0.802 282.20   1 2 
 34 BCLMP 238     1 32 44.70 + 30 34 58.1 5.737 0.797 281.23     1 
 35               1 32 44.95 + 30 25 29.0 5.860 0.814 253.23     3 
 36 NGC 588       1 32 45.10 + 30 38 55.7 6.035 0.838 292.09 2 1 2 
 37 NGC 588       1 32 45.82 + 30 38 52.7 5.963 0.828 291.94 2   1 
 38 CPSDP 58      1 32 46.14 + 30 44 44.8 6.770 0.940 305.66 1 1 2 
 39 BCLMP 270     1 32 46.64 + 30 25  0.2 5.786 0.803 250.88     3 
 40 CPSDP 63      1 32 46.68 + 30 34 10.4 5.519 0.766 278.42     2 
 41 HBW 88        1 32 48.23 + 30 39 50.3 5.850 0.812 294.44   2 1 
 42               1 32 51.72 + 30 33  4.9 5.040 0.700 273.37     1 
 43 BCLMP 236     1 32 52.04 + 30 35 50.4 5.122 0.711 282.38     3 
 44 HBW 114       1 32 52.19 + 30 37  1.1 5.194 0.721 286.10   1 1 
 45 BCLMP 276     1 32 52.48 + 30 38 13.8 5.277 0.733 289.79     3 
 46 BCLMP 237     1 32 52.58 + 30 34 59.3 5.026 0.698 279.47     1 
 47 HBW 130       1 32 53.12 + 30 34  2.3 4.940 0.686 276.11     3 
 48 CPSDP 69      1 32 53.74 + 30 37 53.3 5.127 0.712 288.64 2   1 
 49               1 32 54.06 + 30 36 35.7 4.989 0.693 284.45   1 2 
 50 BCLMP 261     1 32 54.24 + 30 23 18.4 5.517 0.766 240.92 2   1 
 51 HBW 131       1 32 54.31 + 30 34 53.9 4.866 0.676 278.69     2 
 52 BCLMP 616     1 32 54.38 + 30 50 28.0 7.167 0.995 317.98     1 
 53 BCLMP 279     1 32 55.46 + 30 39 32.0 5.141 0.714 293.61 1 1 2 
 54               1 32 55.54 + 30 40 36.7 5.269 0.732 296.78     2 
 55 BCLMP 240     1 32 55.86 + 30 32 26.7 4.680 0.650 269.42   1 1 
 56 HBW 144       1 32 56.36 + 30 33 31.0 4.643 0.645 273.09     3 
 57 BCLMP 243     1 32 56.51 + 30 27 28.4 4.876 0.677 251.62 1 1 2 
 58 CPSDP 74      1 32 56.72 + 30 31 55.4 4.613 0.640 267.10   2 2 
 59 BCLMP 239     1 32 56.90 + 30 32 54.2 4.591 0.637 270.61     2 
 60 CPSDP 70      1 32 57.01 + 30 39 27.7 4.989 0.693 293.38 2   3 
 61 BCLMP 233     1 32 57.62 + 30 35 58.6 4.623 0.642 281.59     1 
 62 BCLMP 232     1 32 57.84 + 30 34 45.2 4.545 0.631 277.07   1 1 
 63 BCLMP 289     1 32 58.52 + 30 44 26.8 5.595 0.777 307.33     1 
 64 CPSDP 67      1 32 59.21 + 30 41 13.8 5.014 0.696 298.84 1   2 
 65 BCLMP 231     1 32 59.57 + 30 34 44.8 4.391 0.610 276.44     3 
 66 CPSDP 21      1 33  0.32 + 30 24 33.0 4.999 0.694 239.41     3 
 67 BCLMP 218     1 33  0.50 + 30 30 47.2 4.344 0.603 260.58 2 2 1 
 68 CPSDP 78A     1 33  0.83 + 30 34  0.3 4.263 0.592 273.05     2 
 69 BCLMP 230     1 33  0.83 + 30 34 17.5 4.268 0.593 274.18     1 
 70 BCLMP 218     1 33  0.97 + 30 31  2.0 4.296 0.597 261.22 2 1 2 
 71 CPSDP 22      1 33  1.51 + 30 24 32.6 4.936 0.685 238.35 2   2 
 72               1 33  1.94 + 30 11 20.8 7.722 1.072 212.68     1 
 73 BCLMP 229     1 33  1.98 + 30 34 48.0 4.179 0.580 275.73   1 2 
 74               1 33  2.27 + 30 30 51.8 4.204 0.584 259.66 1   3 
 75               1 33  2.38 + 30 10 52.2 7.835 1.088 211.84     3 
 76 CPSDP 25      1 33  2.81 + 30 29 33.1 4.252 0.590 254.14     2 
 77 BCLMP 285     1 33  2.88 + 30 41  8.1 4.660 0.647 298.91     1 
 78               1 33  3.42 + 30 11 21.6 7.699 1.069 211.69 2   2 
 79 HBW 203       1 33  3.42 + 30 32 25.8 4.051 0.562 265.25     3 
 80 HBW 199       1 33  3.42 + 30 33 22.8 4.037 0.560 269.21     3 
 81 BCLMP 284     1 33  3.92 + 30 39 54.8 4.401 0.611 294.90     1 
 82 BCLMP 258     1 33  6.44 + 30 23 29.0 4.883 0.678 230.77     2 
 83 CPSDP 93      1 33  6.62 + 30 45 58.4 5.164 0.717 313.27 1   2 
 84 HBW 222       1 33  6.70 + 30 31 32.4 3.827 0.531 259.14     2 
 85 CPSDP 79      1 33  6.80 + 30 38 45.5 4.002 0.556 290.54 1   2 
 86               1 33  7.13 + 30 38 23.9 3.936 0.546 289.07     3 
 87 BCLMP 259     1 33  7.27 + 30 23  7.0 4.920 0.683 228.99 1   1 
 88 BCLMP 288     1 33  7.42 + 30 42 39.7 4.479 0.622 304.44     1 
 89 CPSDP 403     1 33  7.49 + 30 31  0.5 3.801 0.528 256.18     1 
 90 BCLMP 217     1 33  7.99 + 30 29 47.0 3.870 0.537 250.55   1 2 
 91 BCLMP 257     1 33  9.54 + 30 23 26.8 4.767 0.662 227.58     2 
 92 BCLMP 221     1 33  9.90 + 30 27 24.9 4.050 0.562 239.44 1 1 3 
 93 BCLMP 255     1 33 10.12 + 30 23  6.2 4.816 0.669 226.11 2 2 1 
 94 BCLMP 255     1 33 11.09 + 30 23  2.0 4.797 0.666 224.93   1 2 
 95 BCLMP 220     1 33 11.12 + 30 27 39.7 3.946 0.548 239.01     1 
 96 VGV86 II-021  1 33 11.23 + 30 45 15.7 4.616 0.641 313.13   1 1 
 97 BCLMP 256     1 33 11.66 + 30 23 20.8 4.712 0.654 225.11     3 
 98               1 33 11.70 + 30 38 56.0 3.565 0.495 290.90 2 2 2 
 99 BCLMP 216     1 33 11.74 + 30 29 52.3 3.614 0.502 247.16     3 
100 VGV86 II-023  1 33 11.74 + 30 30 15.2 3.572 0.496 248.82     2 
101 CPSDP 117     1 33 11.92 + 30 31 44.3 3.424 0.475 255.47     3 
102 HBW 266       1 33 12.02 + 30 27  1.9 4.001 0.555 235.75     3 
103 CPSDP 30      1 33 12.31 + 30 23  0.3 4.763 0.661 223.58     1 
104 CPSDP 86      1 33 12.64 + 30 38 39.8 3.451 0.479 289.59     1 
105 CPSDP 102     1 33 12.74 + 30 49 16.8 5.372 0.746 322.91   1 1 
106 CPSDP 85      1 33 12.82 + 30 39 18.4 3.502 0.486 292.49     3 
107 BCLMP 290C    1 33 13.00 + 30 45  4.1 4.423 0.614 313.29     3 
108 BCLMP 618     1 33 13.25 + 30 50 33.0 5.635 0.782 325.45   1 1 
109 HBW 289       1 33 13.32 + 30 22 41.4 4.801 0.667 221.76     3 
110 M33GMC 111    1 33 13.61 + 30 39 29.4 3.450 0.479 293.30   1 2 
111 CPSDP 23      1 33 13.72 + 30 29 46.8 3.502 0.486 244.55     2 
112 CPSDP 193     1 33 14.08 + 30 44 46.8 4.270 0.593 312.91 1   2 
113 CPSDP 34      1 33 14.18 + 30 27 10.8 3.872 0.538 233.76     2 
114               1 33 14.40 + 30 23 42.1 4.549 0.632 223.06     2 
115 BCLMP 620     1 33 14.58 + 30 51 38.5 5.800 0.805 327.89 2 1 1 
116 IC 131        1 33 14.72 + 30 45 18.5 4.322 0.600 314.69 1   2 
117 BCLMP 625     1 33 14.72 + 30 53 36.6 6.289 0.873 330.78     2 
118 IC 131        1 33 14.76 + 30 45  4.2 4.269 0.593 314.03 2 1 1 
119 BCLMP 286     1 33 14.80 + 30 41 37.6 3.635 0.505 302.45   1 2 
120 BCLMP 215     1 33 14.90 + 30 32 30.9 3.149 0.437 256.37     2 
121 IC 133        1 33 14.94 + 30 53 20.0 6.202 0.861 330.52     3 
122 IC 132        1 33 15.80 + 30 56 44.3 7.032 0.976 334.95     1 
123 BCLMP 626     1 33 16.24 + 30 54  1.7 6.286 0.873 332.10     1 
124 BCLMP 623     1 33 16.27 + 30 52 49.5 5.972 0.829 330.52 2 2 1 
125 BCLMP 602     1 33 16.45 + 30 46 12.4 4.364 0.606 317.92     3 
126 HBW 347       1 33 16.56 + 30 47 10.1 4.570 0.634 320.35   1 3 
127 HBW 351       1 33 16.92 + 30 47 52.5 4.703 0.653 322.16   1 2 
128 CPSDP 197     1 33 16.99 + 30 45 12.8 4.105 0.570 315.46 1   3 
129 CPSDP 121     1 33 17.06 + 30 31 10.7 3.124 0.434 247.06 2 2 1 
130 CPSDP 105     1 33 17.46 + 30 54 26.4 6.305 0.875 333.25   1 1 
131 HBW 365       1 33 17.71 + 30 39 21.8 3.054 0.424 292.58   1 3 
132 BCLMP 287     1 33 18.14 + 30 41 17.3 3.274 0.455 301.79     1 
133 CPSDP 107     1 33 18.97 + 30 58 14.4 7.222 1.003 337.97   1 1 
134 BCLMP 278     1 33 19.22 + 30 39 35.5 2.940 0.408 293.73     2 
135 CPSDP 35      1 33 19.40 + 30 18 27.3 5.726 0.795 207.92 1 1 2 
136 BCLMP 606     1 33 19.87 + 30 47 53.0 4.465 0.620 323.85     2 
137 CPSDP 123     1 33 20.30 + 30 32 48.7 2.739 0.380 251.75     1 
138 BCLMP 254     1 33 21.10 + 30 17 54.2 5.864 0.814 205.64   1 1 
139 BCLMP 254     1 33 21.10 + 30 17 54.2 5.864 0.814 205.64     3 
140 CPSDP 37      1 33 21.89 + 30 25 59.4 3.831 0.532 220.11     2 
141 CPSDP 124     1 33 22.21 + 30 32 19.9 2.664 0.370 246.29     3 
142 CPSDP 108     1 33 23.18 + 30 47 34.0 4.125 0.573 325.22 1   3 
143 CPSDP 129     1 33 23.40 + 30 31 35.0 2.693 0.374 240.25 2 2 1 
144 CPSDP 41      1 33 23.47 + 30 26 30.3 3.674 0.510 219.42     3 
145               1 33 23.83 + 30 26 13.9 3.728 0.518 218.14 2 1 1 
146 BCLMP 222     1 33 24.73 + 30 25 31.1 3.878 0.538 215.02     1 
147               1 33 25.09 + 30 41 14.9 2.629 0.365 303.51     2 
148 BCLMP 608     1 33 25.45 + 30 47 32.5 3.940 0.547 326.75   1 3 
149 BCLMP 1007    1 33 26.71 + 30 39  5.6 2.189 0.304 290.17 1   2 
150 HBW 445       1 33 26.86 + 30 37 53.2 2.081 0.289 280.91     3 
151 BCLMP 213     1 33 27.72 + 30 31 48.9 2.435 0.338 234.02 2   1 
152 BCLMP 639     1 33 27.94 + 31  0 21.0 7.248 1.006 344.41     1 
153 CPSDP 46      1 33 29.02 + 30 17  8.6 6.100 0.847 197.78     3 
154 BCLMP 45      1 33 29.20 + 30 40 25.4 2.124 0.295 299.76 2 1 1 
155 BCLMP 253     1 33 29.34 + 30 18  2.1 5.853 0.813 198.27     1 
156 BCLMP 46      1 33 29.95 + 30 40 49.7 2.116 0.294 302.76   1 2 
157 BCLMP 609     1 33 29.95 + 30 47 46.3 3.656 0.508 330.89     3 
158 BCLMP 211     1 33 30.10 + 30 31 50.0 2.328 0.323 229.42 1 2 1 
159               1 33 30.31 + 30 21 11.4 4.981 0.692 200.59 1   2 
160 HBW 480       1 33 30.31 + 30 21 11.4 4.981 0.692 200.59     3 
161 BCLMP 252     1 33 30.71 + 30 18 38.2 5.697 0.791 197.56 2 1 2 
162 BCLMP 1006c   1 33 31.10 + 30 38  4.1 1.706 0.237 279.70     2 
163 CPSDP 130     1 33 31.18 + 30 37 28.1 1.679 0.233 273.68     2 
164 HBW 481       1 33 31.28 + 30 33 33.9 1.969 0.273 237.84 2 2 2 
165 BCLMP 640     1 33 32.65 + 31  1 10.3 7.215 1.002 347.62     2 
166               1 33 32.69 + 30 20  0.9 5.330 0.740 196.90     3 
167 BCLMP 34      1 33 32.69 + 30 36 55.3 1.551 0.215 265.91 2 2 2 
168 BCLMP 640     1 33 32.87 + 31  0 37.7 7.047 0.978 347.47     1 
169 CPSDP 48      1 33 33.05 + 30 20 29.1 5.201 0.722 196.98   1 2 
170 BCLMP 208     1 33 33.19 + 30 32  7.7 2.156 0.299 224.27     2 
171 BCLMP 640     1 33 33.26 + 31  1  6.1 7.161 0.994 347.95     3 
172 NGC 595       1 33 33.44 + 30 41 27.7 1.908 0.265 309.01   2 1 
173 CPSDP 209     1 33 33.44 + 30 43 15.8 2.280 0.317 319.45     2 
174 BCLMP 209     1 33 33.48 + 30 33 36.7 1.855 0.258 232.96 1   3 
175 HBW 523       1 33 33.91 + 30 37 38.3 1.444 0.201 272.18     1 
176 BCLMP 610     1 33 33.95 + 30 47  8.9 3.202 0.445 333.29     2 
177 NGC 595       1 33 34.02 + 30 41 56.9 1.951 0.271 312.71 1 1 3 
178 BCLMP 208     1 33 34.20 + 30 32 10.1 2.116 0.294 222.12 2 1 1 
179 NGC 595       1 33 34.20 + 30 41 38.4 1.874 0.260 310.83   2 2 
180 BCLMP 628     1 33 34.60 + 30 50  9.7 3.974 0.552 339.62     3 
181 BCLMP 33      1 33 34.96 + 30 37  5.7 1.362 0.189 263.92 1 1 1 
182 CPSDP 132A    1 33 35.17 + 30 32 54.0 1.929 0.268 223.86     3 
183               1 33 35.24 + 31  0 31.1 6.886 0.956 348.89 2   1 
184 BCLMP 207     1 33 35.35 + 30 29 55.3 2.632 0.365 210.14     1 
185 GDK99 62      1 33 35.50 + 30 39 26.2 1.410 0.196 291.91   1 1 
186 BCLMP 32      1 33 35.57 + 30 36 28.7 1.349 0.187 254.97     1 
187 CPSDP 286A    1 33 35.78 + 31  0 19.5 6.802 0.944 349.14 1   2 
188 BCLMP 1008    1 33 35.86 + 30 38 41.9 1.311 0.182 282.98   1 3 
189 BCLMP 54      1 33 36.04 + 30 42 32.7 1.902 0.264 318.43   1 1 
190 CPSDP 265     1 33 36.25 + 30 31 11.4 2.302 0.320 212.75     2 
191 BCLMP 630     1 33 36.36 + 30 50 55.2 4.074 0.566 342.37     2 
192 BCLMP 57      1 33 36.50 + 30 43 23.2 2.057 0.286 323.54     3 
193 GDK99 65      1 33 36.61 + 30 20 13.3 5.327 0.740 193.19 2 1 1 
194 BCLMP 629     1 33 36.61 + 30 50 36.4 3.970 0.551 342.22   1 1 
195 BCLMP 203     1 33 37.55 + 30 32  2.2 2.073 0.288 213.19   1 3 
196 BCLMP 250     1 33 37.62 + 30 20 47.9 5.178 0.719 192.60   1 2 
197 BCLMP 206     1 33 37.73 + 30 30 12.6 2.540 0.353 206.15     3 
198 BCLMP 251     1 33 37.80 + 30 20  9.7 5.366 0.745 191.99     3 
199 BCLMP 200     1 33 39.24 + 30 32 36.5 1.907 0.265 211.30   1 2 
200 CPSDP 135     1 33 39.31 + 30 36 39.0 1.078 0.150 245.93     3 
201 BCLMP 35      1 33 39.46 + 30 38  7.3 0.972 0.135 269.36     1 
202 BCLMP 30      1 33 40.25 + 30 37 19.6 0.946 0.131 253.08     3 
203 BCLMP 59      1 33 40.32 + 30 42 52.0 1.627 0.226 326.51   1 3 
204 BCLMP 249     1 33 40.46 + 30 21 10.2 5.129 0.712 189.97   1 3 
205 BCLMP 204     1 33 40.46 + 30 31 31.7 2.183 0.303 203.97     3 
206 BCLMP 612     1 33 40.57 + 30 45 56.5 2.420 0.336 338.76   1 1 
207 BCLMP 612     1 33 40.72 + 30 45 46.7 2.365 0.328 338.57   1 2 
208 CPSDP 81      1 33 40.79 + 30 38 25.2 0.859 0.119 271.83     2 
209 BCLMP 246     1 33 41.00 + 30 22 41.8 4.697 0.652 190.32   1 2 
210 BCLMP 249     1 33 41.58 + 30 21  5.2 5.179 0.719 188.80     1 
211 BCLMP 48      1 33 41.65 + 30 40 43.2 1.034 0.144 310.63   1 2 
212 BCLMP 56      1 33 41.72 + 30 41 53.3 1.280 0.178 322.52   2 2 
213 BCLMP 44      1 33 42.01 + 30 39 37.8 0.827 0.115 294.16     3 
214 BCLMP 641     1 33 42.08 + 31  1 55.6 6.956 0.966 353.84     2 
215 CPSDP 10      1 33 42.34 + 30 33  5.3 1.761 0.245 204.39   1 2 
216               1 33 42.88 + 30 21 16.0 5.159 0.716 187.60   1 2 
217 BCLMP 23      1 33 42.95 + 30 33 28.0 1.659 0.230 204.01   1 1 
218 BCLMP 61      1 33 42.98 + 30 44 40.5 1.913 0.266 339.44   1 2 
219 BCLMP 641     1 33 43.09 + 31  1 44.4 6.855 0.952 354.46   1 3 
220 BCLMP 247     1 33 43.34 + 30 22 36.2 4.780 0.664 187.72     3 
221 BCLMP 40      1 33 43.42 + 30 39  5.8 0.648 0.090 281.44   1 2 
222 BCLMP 641     1 33 43.60 + 31  2  8.9 6.952 0.965 354.89     1 
223 BCLMP 52      1 33 43.74 + 30 40 57.4 0.901 0.125 317.59   1 1 
224 BCLMP 38      1 33 43.85 + 30 38 45.8 0.599 0.083 271.32 2 1 1 
225 BCLMP 1502    1 33 44.21 + 30 32  1.9 2.066 0.287 195.97     1 
226               1 33 44.28 + 30 22  4.4 4.960 0.689 186.51     2 
227 BCLMP 51      1 33 44.42 + 30 40 46.2 0.802 0.111 316.75     2 
228 BCLMP 641     1 33 44.64 + 31  2 20.4 6.963 0.967 355.63 2 1 2 
229               1 33 44.82 + 30 20 43.0 5.374 0.746 185.52     3 
230 BCLMP 248     1 33 45.22 + 30 21 37.8 5.117 0.711 185.42 1   1 
231 BCLMP 22      1 33 45.22 + 30 33 10.2 1.756 0.244 195.95   1 2 
232 BCLMP 27      1 33 45.58 + 30 36 48.6 0.773 0.107 215.73   1 1 
233 BCLMP 1001    1 33 45.90 + 30 36  2.2 0.967 0.134 206.04 1   2 
234 BCLMP 60      1 33 45.90 + 30 42 47.9 1.205 0.167 339.39     1 
235 CPSDP 53      1 33 46.62 + 30 32 44.2 1.904 0.264 190.99     3 
236 CPSDP 307     1 33 47.02 + 30 27 23.1 3.479 0.483 185.44 1 2 1 
237 BCLMP 19      1 33 47.09 + 30 33 32.6 1.680 0.233 191.10   1 1 
238 BCLMP 29      1 33 47.48 + 30 38 39.7 0.327 0.045 242.15     1 
239 BCLMP 17      1 33 47.74 + 30 33  2.6 1.840 0.256 188.38   2 2 
240 BCLMP 631     1 33 47.77 + 30 50 53.4 3.456 0.480 355.61     3 
241 BCLMP 37      1 33 48.06 + 30 39 17.0 0.241 0.033 272.16   1 2 
242 VGV86 II-063  1 33 48.38 + 30 39 35.6 0.231 0.032 292.51 2 2 1 
243 CPSDP 141     1 33 48.74 + 30 33 57.0 1.602 0.222 186.54     3 
244               1 33 48.89 + 30 20 15.3 5.641 0.783 181.73     1 
245 BCLMP 47      1 33 48.89 + 30 39 49.0 0.217 0.030 308.44     3 
246 HBW 660       1 33 49.21 + 30 38  9.1 0.395 0.055 201.16 1 2 3 
247 HBW 660       1 33 49.39 + 30 38  0.1 0.438 0.061 196.89   1 1 
248 BCLMP 632     1 33 49.82 + 30 51 36.6 3.582 0.497 358.55   1 2 
249               1 33 49.93 + 30 52 56.6 3.971 0.551 358.83     3 
250 BCLMP 15      1 33 50.15 + 30 33 45.9 1.699 0.236 182.13     1 
251 CPSDP 140     1 33 50.36 + 30 40 58.8 0.425 0.059 353.97   1 3 
252 BCLMP 637     1 33 50.72 + 30 56 36.2 5.021 0.697 359.84 1   1 
253 BCLMP 66      1 33 51.80 + 30 40 56.6 0.367 0.051  12.23     1 
254 BCLMP 9       1 33 51.84 + 30 38 49.4 0.281 0.039 163.29     1 
255 CPSDP 2A      1 33 51.91 + 30 33 31.0 1.840 0.255 177.29     2 
256 BCLMP 12      1 33 51.98 + 30 36 37.5 0.928 0.129 174.25     3 
257 BCLMP 694     1 33 52.02 + 30 47 16.9 2.223 0.309   2.47     1 
258 GDK99 106     1 33 52.45 + 30 39 18.8 0.198 0.028 138.00     3 
259 BCLMP 697     1 33 52.52 + 30 46 31.8 1.985 0.276   4.01     2 
260               1 33 52.70 + 30 45  2.2 1.540 0.214   5.74 1   1 
261 BCLMP 99b     1 33 53.28 + 30 38 55.4 0.357 0.050 145.31     2 
262 CPSDP 227     1 33 53.60 + 30 45 48.9 1.744 0.242   7.60     3 
263 BCLMP 13      1 33 54.29 + 30 33  5.8 2.071 0.288 171.98   1 1 
264 CPSDP 148A    1 33 54.40 + 30 27 51.9 3.612 0.501 175.26     1 
265 CPSDP 308     1 33 55.15 + 30 19 57.8 5.971 0.829 176.52 1   3 
266 CPSDP 309     1 33 55.66 + 30 19 48.7 6.038 0.838 176.15 2 2 1 
267 CPSDP 313     1 33 56.41 + 30 22 34.5 5.258 0.730 174.87     3 
268 CPSDP 315     1 33 56.45 + 30 21 27.8 5.587 0.776 175.14     2 
269 BCLMP 758     1 33 56.48 + 30 27 18.9 3.870 0.537 172.94     3 
270 BCLMP 76      1 33 56.56 + 30 41  1.4 0.522 0.073  67.13   1 2 
271 CPSDP 312     1 33 56.66 + 30 22 20.6 5.338 0.741 174.72   1 1 
272 CPSDP 311     1 33 56.77 + 30 28 45.2 3.463 0.481 171.69     3 
273 BCLMP 96      1 33 56.95 + 30 38 24.9 0.777 0.108 138.45     3 
274 CPSDP 4A      1 33 57.20 + 30 35 10.7 1.637 0.227 160.86     2 
275               1 33 57.49 + 30 17 15.7 6.869 0.954 175.31     2 
276 GDK99 118     1 33 57.53 + 30 42 15.1 0.774 0.107  46.81   2 1 
277 ChASeM33F 359 1 33 57.78 + 30 32 13.7 2.508 0.348 166.49     2 
278 CPSDP 212     1 33 57.78 + 30 49  1.4 2.586 0.359  13.08     3 
279 HBW 766       1 33 57.82 + 30 35 31.7 1.580 0.219 158.11     3 
280 CPSDP 224     1 33 57.85 + 30 46 40.0 1.914 0.266  17.99   1 3 
281 BCLMP 5       1 33 58.57 + 30 35 25.7 1.658 0.230 156.80   1 1 
282 BCLMP 695     1 33 58.82 + 30 49 10.8 2.614 0.363  14.93     2 
283 BCLMP 669     1 33 58.90 + 30 55 30.6 4.444 0.617   8.80   1 2 
284 BCLMP 8B      1 33 59.22 + 30 33 37.8 2.197 0.305 161.19     2 
285 BCLMP 4       1 33 59.44 + 30 35 49.6 1.612 0.224 153.21     1 
286 CPSDP 316     1 33 59.51 + 30 23  9.6 5.232 0.727 171.94     2 
287 CPSDP 1A      1 33 59.72 + 30 34 35.4 1.964 0.273 157.51     3 
288 BCLMP 703     1 33 59.76 + 30 32 44.7 2.478 0.344 162.28 2 2 1 
289 BCLMP 8A      1 33 59.83 + 30 33 53.6 2.162 0.300 159.41   1 1 
290 BCLMP 79      1 34  0.19 + 30 40 50.0 0.790 0.110  89.24   1 1 
291 CPSDP 240     1 34  0.34 + 30 42 18.2 0.915 0.127  61.32 1   1 
292 BCLMP 94      1 34  0.55 + 30 38  8.3 1.145 0.159 134.19     2 
293 BCLMP 72      1 34  1.02 + 30 43 54.2 1.235 0.172  44.18 1 2 2 
294 BCLMP 81      1 34  1.27 + 30 40  8.1 0.913 0.127 104.98     3 
295 BCLMP 100c    1 34  1.49 + 30 36 30.7 1.593 0.221 145.56   1 2 
296 CPSDP 318     1 34  1.63 + 30 22 59.8 5.387 0.748 170.23     1 
297 BCLMP 698     1 34  1.67 + 30 44 57.8 1.489 0.207  37.94     2 
298 BCLMP 1       1 34  1.70 + 30 35 49.0 1.782 0.247 148.95   1 2 
299 BCLMP 97      1 34  1.88 + 30 37 27.2 1.406 0.195 138.35     3 
300 BCLMP 701     1 34  2.10 + 30 30 46.5 3.176 0.441 162.53     3 
301 BCLMP 87      1 34  2.32 + 30 38 40.2 1.202 0.167 126.09     2 
302 CPSDP 176     1 34  2.60 + 30 31 19.6 3.053 0.424 160.96     3 
303 CPSDP 180     1 34  2.96 + 30 36 50.9 1.633 0.227 141.05     2 
304 BCLMP 672     1 34  3.00 + 30 51 26.3 3.205 0.445  18.71 2   3 
305 CPSDP 242     1 34  3.07 + 30 44  9.9 1.362 0.189  49.44   1 3 
306 BCLMP 668     1 34  3.76 + 30 54 53.6 4.173 0.579  15.17     1 
307 BCLMP 693     1 34  4.04 + 30 46 58.7 2.018 0.280  33.62     3 
308 BCLMP 90      1 34  4.15 + 30 38  8.2 1.464 0.203 129.66 2   1 
309 CPSDP 291     1 34  4.33 + 31  2 18.4 6.298 0.875  10.43   1 1 
310 BCLMP 91      1 34  6.35 + 30 37 50.5 1.716 0.238 130.03     1 
311 BCLMP 646A    1 34  6.60 + 31  3 32.7 6.610 0.918  11.63     1 
312 BCLMP 77      1 34  6.71 + 30 41 48.9 1.345 0.187  87.63   2 2 
313 BCLMP 302     1 34  6.85 + 30 47 27.6 2.187 0.304  38.30   1 2 
314 BCLMP 751     1 34  7.14 + 30 36 24.9 2.080 0.289 138.37     3 
315 BCLMP 85      1 34  7.64 + 30 39 22.2 1.587 0.220 116.21     3 
316 BCLMP 645     1 34  9.37 + 31  3 20.4 6.502 0.903  13.95     2 
317 CPSDP 184A    1 34  9.44 + 30 34 20.0 2.753 0.382 145.03     1 
318               1 34  9.55 + 30 21 23.0 6.287 0.873 165.36   1 1 
319 CPSDP 251     1 34 10.38 + 30 49 19.7 2.702 0.375  37.77     3 
320 CPSDP 208     1 34 10.45 + 30 39 15.6 1.862 0.259 116.78   1 1 
321 CPSDP 322     1 34 10.49 + 30 25 55.7 5.059 0.702 160.75   1 1 
322 BCLMP 78      1 34 10.81 + 30 42 24.3 1.694 0.235  87.45 2 2 1 
323 IC 143        1 34 10.85 + 30 46 34.6 2.140 0.297  52.39     3 
324 CPSDP 298     1 34 10.88 + 31  3  9.5 6.427 0.892  15.30   1 2 
325 BCLMP 709     1 34 11.10 + 30 34 33.7 2.832 0.393 142.64     3 
326 BCLMP 95A     1 34 11.10 + 30 35 49.1 2.547 0.354 137.57   1 2 
327 CPSDP 324     1 34 11.64 + 30 27 16.1 4.764 0.661 158.25     3 
328 BCLMP 667     1 34 12.00 + 30 52 21.9 3.470 0.482  31.09     3 
329 BCLMP 733     1 34 12.61 + 30 40 10.5 1.957 0.272 109.41     2 
330 BCLMP 747     1 34 12.68 + 30 45  6.5 2.018 0.280  66.54     2 
331 CPSDP 184     1 34 13.37 + 30 35 16.8 2.857 0.397 138.02     3 
332 BCLMP 710     1 34 13.80 + 30 33 43.6 3.248 0.451 143.15 1   2 
333 CPSDP 273     1 34 13.80 + 30 36 46.0 2.586 0.359 131.13     3 
334 BCLMP 714     1 34 13.84 + 30 34 50.8 2.993 0.415 139.31     1 
335 CPSDP 326     1 34 14.30 + 30 23 11.0 6.067 0.842 160.82     2 
336 CPSDP 326     1 34 14.30 + 30 23 11.0 6.067 0.842 160.82     1 
337 BCLMP 710     1 34 14.77 + 30 33 47.3 3.312 0.460 142.19 1   3 
338 CPSDP 328     1 34 15.38 + 30 28 15.9 4.752 0.660 153.99   1 2 
339 CPSDP 328     1 34 15.38 + 30 28 15.9 4.752 0.660 153.99   1 1 
340 IC 135        1 34 15.53 + 30 37 11.8 2.660 0.369 128.05 2 1 1 
341 CPSDP 305     1 34 16.14 + 30 53 32.5 3.821 0.530  34.12 1   3 
342 BCLMP 720     1 34 16.21 + 30 36 44.7 2.805 0.390 129.88 2 1 1 
343 IC 135        1 34 16.32 + 30 37 14.8 2.722 0.378 127.43 1 1 2 
344 BCLMP 691     1 34 16.64 + 30 51 53.7 3.442 0.478  39.43 2 2 1 
345 BCLMP 711a    1 34 17.11 + 30 33 42.1 3.525 0.489 140.76   1 1 
346 BCLMP 686     1 34 17.65 + 30 48 41.5 2.823 0.392  53.61     2 
347 BCLMP 713     1 34 18.37 + 30 34 26.5 3.466 0.481 137.61     3 
348 CPSDP 329     1 34 19.24 + 30 23 32.9 6.289 0.873 157.44     1 
349 BCLMP 712     1 34 19.31 + 30 33 47.4 3.689 0.512 139.07   1 2 
350 BCLMP 685     1 34 19.88 + 30 48 59.3 2.980 0.414  55.72     1 
351 CPSDP 261     1 34 19.99 + 30 48 25.8 2.896 0.402  58.58     3 
352 BCLMP 721     1 34 20.53 + 30 37 58.2 2.984 0.414 122.40   1 2 
353 BCLMP 661     1 34 21.32 + 30 54 22.3 4.123 0.573  38.79 1 1 2 
354 CPSDP 279     1 34 21.94 + 30 47  9.9 2.843 0.395  68.04     1 
355 BCLMP 715     1 34 22.73 + 30 33 15.0 4.097 0.569 138.64   1 3 
356 BCLMP 659     1 34 24.13 + 30 57  2.3 4.810 0.668  35.91     1 
357 CPSDP 190     1 34 24.49 + 30 31  8.5 4.726 0.656 142.79     3 
358 CPSDP 262     1 34 24.89 + 30 48 56.4 3.243 0.450  62.91     1 
359 BCLMP 664     1 34 26.83 + 30 53  4.5 4.025 0.559  49.30     2 
360 BCLMP 651     1 34 29.71 + 30 57 14.4 4.989 0.693  41.33 2   2 
361 BCLMP 734     1 34 30.32 + 30 40 33.7 3.560 0.494 109.73     3 
362 NGC 604       1 34 31.51 + 30 47 48.2 3.563 0.495  75.50     2 
363 NGC 604       1 34 31.73 + 30 47 16.9 3.545 0.492  78.11 2 1 2 
364 CPSDP 378     1 34 31.73 + 30 57 25.4 5.088 0.706  42.94     3 
365 NGC 604       1 34 32.20 + 30 47  0.1 3.564 0.495  79.82 2   1 
366 HBW 1132      1 34 32.45 + 30 44 34.8 3.532 0.490  91.54     3 
367 BCLMP 719     1 34 32.56 + 30 36  9.0 4.387 0.609 126.15     3 
368 NGC 604       1 34 32.95 + 30 47 43.8 3.664 0.509  77.12     3 
369 BCLMP 650     1 34 32.95 + 31  0 16.3 5.759 0.800  38.29 2   1 
370 NGC 604       1 34 33.02 + 30 47  2.0 3.630 0.504  80.36   2 3 
371 BCLMP 650     1 34 34.75 + 31  0 31.8 5.861 0.814  39.41     3 
372 NGC 604       1 34 35.29 + 30 47  8.7 3.812 0.529  81.61   1 2 
373 CPSDP 292     1 34 35.94 + 30 46  4.7 3.833 0.532  86.76     1 
374 BCLMP 748     1 34 36.55 + 30 44  8.1 3.898 0.541  95.60     2 
375 BCLMP 679     1 34 37.13 + 30 47 13.2 3.960 0.550  82.61   1 1 
376 BCLMP 745     1 34 37.45 + 30 34 54.7 5.051 0.701 128.40 1 1 1 
377 CPSDP 284A    1 34 37.96 + 30 46 22.3 4.004 0.556  86.74     2 
378 BCLMP 653     1 34 38.60 + 30 56 12.7 5.105 0.709  52.48     2 
379 BCLMP 742     1 34 38.89 + 30 41 19.2 4.281 0.594 107.67     1 
380 VGV86 II-109  1 34 38.93 + 30 44  0.4 4.113 0.571  97.09     1 
381 BCLMP 738     1 34 39.18 + 30 41  6.0 4.328 0.601 108.53   1 2 
382 BCLMP 649     1 34 39.18 + 31  2 24.8 6.401 0.889  39.79     1 
383 HBW 1190      1 34 39.54 + 30 47 40.9 4.169 0.579  82.35     3 
384 HBW 1192      1 34 39.76 + 30 44 48.3 4.162 0.578  94.17 1   3 
385 BCLMP 740     1 34 39.79 + 30 41 50.1 4.320 0.600 105.87 1   3 
386 BCLMP 705     1 34 40.37 + 30 31 19.5 6.021 0.836 135.66 1 1 1 
387 HBW 1204      1 34 40.44 + 30 45 57.2 4.209 0.584  89.85     2 
388 CPSDP 357     1 34 40.58 + 30 30 55.2 6.126 0.851 136.38     2 
389 BCLMP 750     1 34 40.69 + 30 43 31.0 4.292 0.596  99.64 1   2 
390 BCLMP 728     1 34 41.02 + 30 37 31.2 4.941 0.686 120.42 1   1 
391 HBW 1207      1 34 41.48 + 30 28 13.0 6.802 0.944 140.74     1 
392 HBW 1207      1 34 41.48 + 30 28 13.0 6.802 0.944 140.74 1   2 
393 CPSDP 356     1 34 42.10 + 30 32 30.2 5.929 0.823 132.74 1 1 2 
394 BCLMP 706     1 34 42.28 + 30 31 41.1 6.111 0.849 134.35 2 1 1 
395               1 34 42.38 + 30 55 43.2 5.202 0.722  57.15     1 
396 CPSDP 358     1 34 43.32 + 30 31 57.5 6.147 0.853 133.50 1   2 
397 BCLMP 757     1 34 44.54 + 30 42 37.7 4.696 0.652 103.87 1   3 
398 BCLMP 727     1 34 44.80 + 30 38  0.2 5.220 0.725 118.63     3 
399 CPSDP 350     1 34 45.44 + 30 42 23.4 4.796 0.666 104.86     1 
400 BCLMP 656     1 34 46.27 + 30 55 22.2 5.359 0.744  61.31     3 
401 BCLMP 725     1 34 46.67 + 30 38 11.3 5.368 0.745 117.96     2 
402 BCLMP 657     1 34 49.91 + 30 54 50.4 5.504 0.764  65.53     1 
403 CPSDP 386     1 34 50.38 + 30 55 37.1 5.630 0.782  63.73   1 1 
404 BCLMP 657     1 34 51.13 + 30 54 48.2 5.576 0.774  66.50 1   3 
405 CPSDP 359     1 34 51.49 + 30 36 12.1 6.110 0.848 122.52     1 
406 CPSDP 361     1 34 52.46 + 30 35 19.1 6.343 0.881 124.38     1 
407 BCLMP 752     1 34 54.66 + 30 41 17.9 5.742 0.797 109.31     3 
408 CPSDP 365     1 34 58.33 + 30 31  8.6 7.633 1.060 131.28     1 
409 HBW 1258      1 35  0.31 + 30 41 51.2 6.212 0.863 108.26     1 
410 HBW 1264      1 35  3.91 + 30 40 22.9 6.697 0.930 112.08     2 
411 CPSDP 366     1 35  5.60 + 30 41 20.7 6.751 0.937 109.88     3 
412 CPSDP 366A    1 35  5.89 + 30 41  0.7 6.812 0.946 110.67     1 
413 BCLMP 756     1 35  6.97 + 30 41 47.7 6.833 0.949 108.90     1 