Title: Spectroscopic Observation and Analysis of H II regions in M33 
       with MMT: Temperatures and Oxygen Abundances 
Authors: Lin Z., Hu N., Kong X., Gao Y., Zou H., Wang E., Cheng F., Fang G., 
         Lin L., Wang J. 
Table: Physical conditions and metallicity of HII regions in M33
================================================================================
Byte-by-byte Description of file: apjaa6f14t3_mrt.txt
--------------------------------------------------------------------------------
   Bytes Format Units  Label     Explanations
--------------------------------------------------------------------------------
   1-  3 I3     ---    ID        Identification of HII region
   5-  9 I5     K      Te[OIII]  ? Electron temperature derived 
                                   from [OIII] auroral line
  11- 15 I5     K    e_Te[OIII]  ? Lower error of Te[OIII]
  17- 21 I5     K    E_Te[OIII]  ? Upper error of Te[OIII]
  23- 27 I5     K      Te[NII]   ? Electron temperature derived 
                                   from [NII] auroral line
  29- 33 I5     K    e_Te[NII]   ? Lower error of Te[NII]
  35- 39 I5     K    E_Te[NII]   ? Upper error of Te[NII]
  41- 44 I4     cm-3   ne        ? Electron density
  46- 48 I3     cm-3 e_ne        ? Lower error of ne 
  50- 52 I3     cm-3 E_ne        ? Upper error of ne 
  54- 58 F5.3   ---    ZO[Te]    ? Oxygen abundance derived from Te method
  60- 64 F5.3   ---  e_ZO[Te]    ? Lower error of ZO[Te]
  66- 70 F5.3   ---  E_ZO[Te]    ? Upper error of ZO[Te]
  72- 76 F5.3   ---    ZO[O3N2]  ? Oxygen abundance derived 
                                   from O3N2 calibration (1)
  78- 82 F5.3   ---  e_ZO[O3N2]  ? Lower error of ZO[O3N2]
  84- 88 F5.3   ---  E_ZO[O3N2]  ? Upper error of ZO[O3N2]
  90- 94 F5.3   ---    ZO[N2]    ? Oxygen abundance derived 
                                   from N2 calibration (2)
  96-100 F5.3   ---  e_ZO[N2]    ? Lower error ZO[N2] 
 102-106 F5.3   ---  E_ZO[N2]    ? Upper error ZO[N2] 
 108-112 F5.3   ---    ZN[Te]    ? Nitrogen abundance derived from Te method
 114-118 F5.3   ---  e_ZN[Te]    ? Lower error ZN[Te] 
 120-124 F5.3   ---  E_ZN[Te]    ? Upper error ZN[Te] 
--------------------------------------------------------------------------------
Note (1): Oxygen abundance derived from O3N2 index using calibration from 
          Marino et al. (2013) [2013A&A...559A.114M].
          The systematic uncertainty of this calibration is 0.18.
Note (2): Oxygen abundance derived from N2 index using calibration from 
          Marino et al. (2013).  The systematic uncertainty of this 
          calibration is 0.16.
--------------------------------------------------------------------------------
  1                                                                    8.459 0.010 0.010 8.342 0.009 0.009                   
  2                                       71  34  35                   8.283 0.003 0.004 8.257 0.005 0.006                   
  3                                      113  40  42                   8.270 0.004 0.004 8.263 0.006 0.006                   
  4 32600  3100  3300                    224  73  74                   8.320 0.004 0.003 8.271 0.006 0.006                   
  5                                      245 109 135                   8.225 0.008 0.009 8.218 0.015 0.013                   
  6                                       87  27  31                   8.337 0.004 0.004 8.361 0.006 0.006                   
  7                                                                    8.448 0.005 0.005 8.346 0.006 0.006                   
  8 10800   200   200                                8.280 0.025 0.025                   8.177 0.006 0.005                   
  9                   13500  6300  6500   24  22  24                   8.194 0.003 0.003 8.264 0.005 0.006                   
 10 10100   200   100 11600  1000  1000   70  28  32 8.390 0.022 0.024                   8.270 0.005 0.005 7.168 0.084 0.101 
 11 10700   700   600  9200  1700  1300  144  38  43 8.141 0.078 0.083 8.239 0.003 0.003 8.255 0.005 0.006 7.047 0.157 0.265 
 12                                       41  33  38                   8.212 0.004 0.004 8.197 0.007 0.006                   
 13                                       76  38  45                   8.276 0.005 0.005 8.314 0.006 0.006                   
 14  9200  1000   900                     21  20  19 8.347 0.133 0.174 8.254 0.003 0.003 8.244 0.005 0.005                   
 15                                        2   1  13                   8.217 0.003 0.003 8.193 0.005 0.005                   
 16                                                                    8.313 0.004 0.004 8.299 0.007 0.007                   
 17                                      165 164 286                   8.414 0.007 0.008 8.277 0.010 0.010                   
 18                                       42  24  28                   8.578 0.005 0.005 8.357 0.005 0.005                   
 19                                                                    8.335 0.006 0.006 8.272 0.012 0.010                   
 20 10600  1200  1000                     35  33  35 8.195 0.126 0.166 8.216 0.004 0.004 8.201 0.007 0.007                   
 21                                                                    8.352 0.003 0.003 8.353 0.005 0.004                   
 22                                       45  29  31                   8.303 0.004 0.004 8.332 0.006 0.006                   
 23                                      140  31  36                   8.318 0.003 0.003 8.315 0.005 0.005                   
 24  9100  1600  1200  9200  1200  1100   61  28  30 8.451 0.183 0.281 8.287 0.003 0.003 8.297 0.005 0.005 6.974 0.137 0.178 
 25                                        7   6  15                   8.237 0.003 0.003 8.274 0.005 0.005                   
 26                                       13  12  18                   8.418 0.004 0.004 8.319 0.005 0.005                   
 27                                      123  38  36                   8.194 0.004 0.004 8.193 0.006 0.006                   
 28                                       67  52  46                   8.355 0.006 0.005 8.342 0.008 0.009                   
 29                                       21  19  18                   8.279 0.003 0.003 8.276 0.004 0.005                   
 30                   15000  1500  1400   42  25  28                   8.391 0.003 0.003 8.351 0.005 0.005                   
 31                                                                    8.263 0.006 0.006                                     
 32                                       29  26  26                   8.358 0.004 0.004 8.275 0.006 0.006                   
 33                   11600  2600  2800   46  30  32                   8.253 0.003 0.003 8.241 0.005 0.005                   
 34                                                                    8.556 0.004 0.004 8.321 0.005 0.005                   
 35                                                                    8.413 0.004 0.004 8.387 0.006 0.006                   
 36 10400   100   200  9200  1400  1300   28  23  23 8.228 0.023 0.022                   8.069 0.005 0.005 6.966 0.153 0.218 
 37 10500   100   100                                8.271 0.020 0.018                                                       
 38 34300  4200  5000 22600  3200  3500                                8.391 0.004 0.004 8.309 0.005 0.005                   
 39                                        4   3  28                   8.281 0.005 0.005 8.259 0.008 0.008                   
 40                                       55  53  60                   8.353 0.008 0.007 8.298 0.010 0.010                   
 41                                                                    8.456 0.016 0.019 8.082 0.012 0.014                   
 42                                                                    8.275 0.003 0.003 8.293 0.005 0.005                   
 43                                                                    8.530 0.009 0.009 8.373 0.008 0.008                   
 44                   95100 24000  4900   76  34  37                   8.562 0.007 0.007 8.388 0.006 0.006                   
 45                                                                    8.283 0.005 0.005 8.448 0.008 0.008                   
 46                                       32  31  45                   8.176 0.006 0.005 8.179 0.010 0.009                   
 47                                      192  41  50                   8.486 0.007 0.008 8.399 0.008 0.007                   
 48 16600  4800  4200                    144  49  58 7.763 0.220 0.379 8.342 0.005 0.004 8.369 0.006 0.006                   
 49                   72500 15500 27500  169  36  45                   8.425 0.005 0.005 8.396 0.007 0.006                   
 50 12200   500   400                                8.011 0.046 0.049                   8.107 0.007 0.007                   
 51                                       26  25  25                   8.383 0.004 0.005 8.364 0.007 0.007                   
 52                                       95  62  81                   8.226 0.005 0.006 8.214 0.009 0.010                   
 53                   19900  3200  3900  165  42  40                   8.509 0.005 0.005 8.391 0.006 0.005                   
 54                                                                    8.383 0.003 0.004 8.422 0.006 0.005                   
 55                   22900 10200 14400                                                  8.117 0.010 0.010                   
 56                                      392  67  87                   8.475 0.007 0.008 8.473 0.010 0.009                   
 57 13800   500   500 23100  2800  3700              7.965 0.039 0.045 8.190 0.003 0.003 8.282 0.005 0.006 6.444 0.089 0.073 
 58                                                                    8.278 0.004 0.004 8.339 0.006 0.006                   
 59                                       14  13  26                   8.352 0.004 0.005 8.315 0.006 0.006                   
 60 28300   700   800                    354  50  55 7.269 0.024 0.021 8.349 0.003 0.003 8.425 0.004 0.004                   
 61                                       35  24  27                   8.338 0.003 0.003 8.373 0.005 0.005                   
 62                    9400  1800  1600                                8.585 0.008 0.009 8.383 0.006 0.006                   
 63                                      138  43  37                   8.208 0.004 0.003 8.307 0.005 0.007                   
 64                                                                    8.518 0.007 0.007 8.368 0.007 0.006                   
 65                                       36  28  30                   8.446 0.004 0.004 8.360 0.005 0.005                   
 66                                      123  37  39                   8.227 0.003 0.003 8.268 0.005 0.005                   
 67 10800   500   500 12500  1300  1300   41  24  27 8.190 0.062 0.067 8.270 0.003 0.003 8.339 0.005 0.005 6.888 0.094 0.114 
 68                                        4   3  15                   8.266 0.004 0.003 8.291 0.005 0.005                   
 69                                                                    8.478 0.013 0.014 8.393 0.012 0.013                   
 70 15800  1100  1100  7400  1200   800   30  27  27 7.579 0.076 0.077 8.373 0.003 0.003 8.379 0.004 0.005 7.497 0.140 0.296 
 71  8500   400   400                     50  26  28 8.456 0.072 0.083 8.173 0.003 0.003 8.185 0.005 0.005                   
 72                                      236 132 138                                                                         
 73                   12700  6200  5100                                8.361 0.006 0.006 8.371 0.008 0.008                   
 74 10200   500   500                                8.321 0.064 0.072 8.229 0.004 0.003 8.352 0.005 0.005                   
 75                                                                                      8.154 0.006 0.005                   
 76                                        4   3  19                   8.482 0.007 0.006 8.352 0.006 0.006                   
 77                                       53  35  33                   8.238 0.003 0.003 8.249 0.006 0.005                   
 78 10400   400   300                     10   9  24 8.200 0.045 0.051                                                       
 79                                       73  40  45                   8.335 0.005 0.005 8.473 0.008 0.008                   
 80                                      138 101 109                   8.533 0.028 0.035 8.333 0.018 0.017                   
 81                                       42  26  23                   8.363 0.003 0.003 8.403 0.005 0.005                   
 82                                                                    8.218 0.004 0.003 8.228 0.005 0.005                   
 83 47400  4100  4500                     99  59  65                   8.336 0.003 0.004 8.327 0.005 0.005                   
 84                                        5   4  19                   8.468 0.006 0.006 8.433 0.007 0.006                   
 85                                       54  41  46                   8.475 0.005 0.005 8.443 0.006 0.006                   
 86                                                                    8.407 0.004 0.004 8.479 0.006 0.006                   
 87 24700  1600  1800                                7.274 0.059 0.064 8.417 0.003 0.003 8.365 0.005 0.005                   
 88                                      185  56  65                   8.173 0.004 0.004 8.106 0.007 0.008                   
 89                                       27  21  24                   8.396 0.003 0.003 8.367 0.005 0.005                   
 90                   10200  3600  3100    4   3  16                   8.282 0.004 0.004 8.318 0.006 0.006                   
 91                                       24  23  26                   8.206 0.003 0.004 8.206 0.006 0.005                   
 92 15800   800   900 15200  1900  2000   30  27  30 7.570 0.057 0.060 8.287 0.004 0.003 8.315 0.005 0.005 6.691 0.096 0.123 
 93 11700   300   300 10700   400   600   13  12  16 8.061 0.031 0.031 8.293 0.003 0.003 8.319 0.005 0.004 6.925 0.053 0.046 
 94                    9700  3600  2700    9   8  14                   8.326 0.003 0.003 8.314 0.005 0.005                   
 95                                       32  27  28                   8.241 0.004 0.003 8.264 0.005 0.005                   
 96                   11300  4900  4000   66  65  92                   8.187 0.006 0.006 8.157 0.011 0.011                   
 97                                                                    8.205 0.034 0.028 8.178 0.070 0.056                   
 98  8000  1400  1100  8900  1700  1500   50  31  31 8.439 0.205 0.331 8.276 0.003 0.003 8.289 0.005 0.005 7.225 0.201 0.266 
 99                                       87  63  74                   8.341 0.007 0.009 8.362 0.013 0.012                   
100                                                                    8.325 0.003 0.003 8.318 0.005 0.005                   
101                                      352  74  83                   8.305 0.004 0.004 8.421 0.007 0.008                   
102                                       53  27  31                   8.372 0.003 0.003 8.412 0.005 0.005                   
103                                       29  26  28                   8.291 0.004 0.004 8.272 0.006 0.006                   
104                                                                                      8.069 0.171 0.087                   
105                   12600  1400  1400   45  29  31                                     8.164 0.005 0.005                   
106                                                                    8.336 0.003 0.004 8.385 0.006 0.005                   
107                                       58  28  34                   8.173 0.004 0.003 8.316 0.005 0.006                   
108                    9200   400   400   74  26  27                   8.355 0.003 0.003 8.313 0.004 0.004                   
109                                      113  30  33                   8.416 0.003 0.003 8.351 0.005 0.005                   
110                    8300   600   600  129  34  32                   8.357 0.003 0.003 8.384 0.005 0.004                   
111                                                                    8.296 0.004 0.003 8.331 0.005 0.005                   
112  9500   400   400                     32  21  26 8.257 0.070 0.069 8.246 0.003 0.003 8.260 0.005 0.005                   
113                                       20  19  21                   8.243 0.003 0.003 8.270 0.005 0.005                   
114                                      202  61  71                   8.316 0.005 0.005 8.372 0.008 0.007                   
115  8900   200   200  8900   300   300  158  31  30 8.415 0.034 0.033 8.178 0.003 0.003 8.192 0.004 0.004 7.146 0.041 0.045 
116  7900   600   500                     21  17  17 8.618 0.100 0.130 8.209 0.003 0.003 8.269 0.005 0.005                   
117                                                                    8.258 0.005 0.005 8.275 0.007 0.008                   
118  9600   400   400 12700  2600  2700   39  28  28 8.378 0.058 0.073                   8.182 0.005 0.005 6.897 0.168 0.227 
119                   17300  8200  9700                                8.294 0.006 0.006 8.301 0.009 0.010                   
120                                                                    8.441 0.003 0.004 8.387 0.005 0.005                   
121                                       35  22  25                   8.235 0.003 0.003 8.297 0.005 0.005                   
122                                       41  40 218                                     8.040 0.026 0.024                   
123                                       58  39  44                   8.218 0.004 0.004 8.211 0.007 0.006                   
124 10300   300   300 11600  1200  1100  102  33  35 8.185 0.036 0.047 8.179 0.003 0.003 8.193 0.005 0.005 6.858 0.097 0.113 
125                                      208  54  57                   8.374 0.005 0.005 8.479 0.009 0.009                   
126                   24100 12000 23800   55  31  32                   8.505 0.004 0.004 8.381 0.006 0.005                   
127                   37000  6100  8700                                8.268 0.004 0.004 8.404 0.006 0.005                   
128  9300  1400  1200                    191  41  46 8.419 0.173 0.251 8.226 0.004 0.004 8.336 0.006 0.005                   
129  8000   400   400  9900   900   900   47  25  26 8.420 0.073 0.091 8.243 0.003 0.003 8.250 0.005 0.005 7.129 0.097 0.112 
130                                       67  39  48                   8.483 0.005 0.004 8.403 0.007 0.006                   
131                                                                    8.496 0.007 0.007 8.486 0.010 0.009                   
132                                                                    8.360 0.003 0.003 8.353 0.005 0.005                   
133                   18100  1700  1400                                                  8.156 0.006 0.005                   
134                                       66  45  53                   8.574 0.014 0.016 8.415 0.009 0.008                   
135 27100  2800  3000                                7.256 0.073 0.066 8.307 0.004 0.004 8.351 0.007 0.007                   
136                                                                    8.289 0.004 0.004 8.337 0.006 0.006                   
137                                                                    8.366 0.003 0.004 8.347 0.006 0.005                   
138                   12600  2700  3000   73  40  45                   8.186 0.004 0.004 8.206 0.006 0.006                   
139                                                                    8.194 0.004 0.004 8.224 0.006 0.006                   
140                                                                    8.549 0.017 0.020 8.416 0.009 0.009                   
141                                       28  27  30                   8.407 0.004 0.004 8.403 0.006 0.005                   
142                                                                    8.323 0.007 0.007 8.323 0.011 0.010                   
143  9100   200   200  9300   400   400  130  31  32 8.302 0.037 0.038 8.267 0.003 0.003 8.312 0.005 0.005 7.249 0.053 0.056 
144                                                                    8.414 0.007 0.007 8.349 0.010 0.009                   
145 39300  3100  3400  7900  2800  1800  148  44  53                   8.427 0.003 0.003 8.512 0.004 0.004                   
146                                        4   3  18                   8.312 0.004 0.004 8.315 0.005 0.006                   
147                                                                    8.488 0.008 0.008 8.450 0.009 0.009                   
148                   68100 12100 17400  325  40  50                                     8.399 0.005 0.005                   
149                                                                    8.565 0.010 0.011 8.416 0.008 0.007                   
150                                                                                      8.460 0.010 0.009                   
151 13500   300   300                    102  50  53 8.175 0.025 0.027                   8.281 0.006 0.005                   
152                                       74  26  33                   8.251 0.003 0.003 8.209 0.004 0.005                   
153                                      230  38  42                   8.501 0.004 0.004 8.356 0.005 0.005                   
154  8800   400   300  9200  1100  1000   50  25  29 8.301 0.051 0.067 8.222 0.003 0.003 8.251 0.005 0.005 7.332 0.122 0.162 
155                                       71  41  42                   8.358 0.004 0.004 8.292 0.006 0.006                   
156                    7300   800   600   15  14  18                   8.411 0.003 0.003 8.417 0.005 0.005                   
157                                       63  37  39                   8.381 0.004 0.004 8.384 0.007 0.007                   
158  8700  2300  1400  8500  1200  1000   63  30  32 8.271 0.208 0.502 8.357 0.003 0.004 8.386 0.005 0.005 7.401 0.149 0.193 
159                                       15  14  18                   8.560 0.011 0.011 8.384 0.007 0.007                   
160                                                                                      8.273 0.007 0.007                   
161 11100   400   400  8300  1400  1100   55  31  32 8.111 0.052 0.050 8.191 0.003 0.003 8.213 0.005 0.005 7.218 0.161 0.276 
162                                                                    8.491 0.005 0.006 8.417 0.006 0.006                   
163                                                                    8.519 0.022 0.026 8.463 0.019 0.020                   
164 21900   400   400 10500   300   300 1549 109 116 7.761 0.019 0.020 8.340 0.002 0.002 8.608 0.004 0.003 7.612 0.033 0.032 
165                                                                    8.323 0.004 0.004 8.290 0.006 0.006                   
166                                       39  38  43                   8.448 0.007 0.007 8.365 0.008 0.008                   
167  8600  1500  1200  8500  1100   800   41  25  27 8.290 0.188 0.308 8.349 0.003 0.003 8.388 0.005 0.005 7.438 0.126 0.163 
168                                       27  25  24                   8.245 0.004 0.003 8.345 0.006 0.006                   
169                   12100  1400  1300   44  28  29                   8.278 0.003 0.003 8.308 0.005 0.005                   
170                                       24  22  24                   8.448 0.004 0.004 8.452 0.005 0.005                   
171                                                                    8.257 0.003 0.003 8.316 0.005 0.005                   
172                    8400   600   600   39  25  27                   8.305 0.003 0.003 8.305 0.004 0.005                   
173                                                                    8.372 0.006 0.005 8.379 0.009 0.007                   
174                                                                    8.473 0.007 0.007 8.449 0.007 0.007                   
175                                       19  18  39                   8.600 0.020 0.019 8.467 0.010 0.010                   
176                                                                    8.273 0.003 0.003 8.296 0.005 0.006                   
177 10400   700   700  8000   600   500   44  27  26 8.037 0.083 0.087 8.420 0.003 0.003 8.409 0.004 0.005 7.391 0.079 0.100 
178  9200  1000   900  6800  1800  1100    9   8  16 8.287 0.135 0.188 8.290 0.003 0.003 8.369 0.005 0.005 7.841 0.226 0.497 
179                    8300   900   800   68  31  36                   8.367 0.003 0.003 8.373 0.005 0.005                   
180                                      130  51  47                   8.305 0.004 0.004 8.335 0.006 0.006                   
181  6800  1200   800  8700  1700  1400   41  25  25 8.671 0.201 0.375 8.258 0.003 0.003 8.260 0.005 0.005 7.335 0.194 0.296 
182                                       78  50  59                   8.396 0.005 0.005 8.417 0.007 0.007                   
183 15500   300   300                     63  41  41 7.897 0.023 0.024                   8.234 0.006 0.006                   
184                                       71  36  42                   8.536 0.007 0.007 8.405 0.006 0.006                   
185                   18100  2000  2200   63  31  32                   8.458 0.004 0.003 8.450 0.005 0.005                   
186                                       36  29  32                   8.371 0.004 0.004 8.405 0.006 0.006                   
187  8200   600   500                                8.594 0.089 0.122 8.230 0.003 0.003 8.313 0.005 0.004                   
188                                       81  62  70                   8.461 0.010 0.009 8.474 0.011 0.011                   
189                    8000   700   600   55  27  28                   8.345 0.003 0.003 8.370 0.004 0.005                   
190                                        4   3  15                   8.507 0.005 0.005 8.453 0.006 0.005                   
191                                                                    8.379 0.004 0.004 8.366 0.006 0.006                   
192                                       41  31  38                   8.416 0.004 0.004 8.427 0.006 0.006                   
193  9200   300   300  8300  2000  1600   82  33  36 8.408 0.057 0.060                   8.124 0.006 0.005 7.271 0.216 0.433 
194                    8500  2400  1700   27  26  26                   8.220 0.003 0.003 8.217 0.006 0.005                   
195                    9800  2500  2200   22  21  24                   8.477 0.005 0.004 8.426 0.005 0.006                   
196                   23500  3200  3600   20  19  21                   8.249 0.003 0.004 8.252 0.005 0.005                   
197                                       55  36  40                   8.505 0.006 0.005 8.402 0.007 0.006                   
198                                        7   6  15                   8.310 0.003 0.003 8.334 0.005 0.005                   
199                    6800  2100  1400    9   8  19                   8.482 0.004 0.004 8.436 0.005 0.005                   
200                                                                    8.448 0.007 0.008 8.508 0.009 0.009                   
201                                                                    8.511 0.005 0.005 8.459 0.006 0.005                   
202                                        5   4  21                   8.511 0.004 0.005 8.472 0.006 0.006                   
203                                       85  53  59                   8.366 0.005 0.005 8.428 0.008 0.008                   
204                   23000  2100  2300                                8.231 0.003 0.004 8.324 0.005 0.005                   
205                                       53  46  47                   8.340 0.005 0.005 8.446 0.009 0.008                   
206                    7700   600   500   70  26  32                   8.269 0.003 0.003 8.329 0.004 0.005                   
207                   10200  3000  2700   39  35  38                   8.450 0.005 0.006 8.380 0.006 0.006                   
208                                                                    8.572 0.009 0.010 8.469 0.006 0.006                   
209                   15000  1400  1500   41  26  28                   8.369 0.003 0.003 8.363 0.005 0.005                   
210                                       30  25  27                   8.367 0.005 0.005 8.407 0.006 0.007                   
211                   14200  5400  5900   13  12  30                   8.469 0.006 0.006 8.436 0.007 0.007                   
212                    8900  1200  1100   15  14  19                   8.457 0.003 0.004 8.457 0.005 0.005                   
213                                                                    8.541 0.018 0.022 8.414 0.011 0.009                   
214                                                                    8.360 0.003 0.003 8.280 0.005 0.005                   
215                    7500  1700  1300                                8.518 0.004 0.004 8.451 0.005 0.006                   
216                   25500  9700 15600  115  49  51                   8.389 0.005 0.005 8.410 0.008 0.008                   
217                   10600  3300  2800    8   7  24                   8.231 0.004 0.004 8.387 0.007 0.006                   
218                    8900  2100  1800   39  32  33                   8.275 0.003 0.003 8.279 0.005 0.006                   
219                                                                    8.380 0.004 0.004 8.293 0.007 0.006                   
220                                                                    8.454 0.005 0.004 8.442 0.006 0.006                   
221                    7100  2500  1400   24  23  26                   8.498 0.004 0.004 8.431 0.005 0.006                   
222                                       67  32  32                   8.279 0.003 0.003 8.247 0.005 0.005                   
223                    8600  1900  1500   48  33  35                   8.360 0.004 0.003 8.384 0.005 0.005                   
224 13000  1300  1300 10700  2400  2200              7.949 0.114 0.137 8.312 0.004 0.004 8.481 0.007 0.006 7.434 0.191 0.294 
225                                       10   9  38                   8.460 0.010 0.009 8.460 0.012 0.010                   
226                                       46  34  34                   8.425 0.005 0.005 8.424 0.007 0.007                   
227                                                                    8.417 0.007 0.008 8.378 0.010 0.009                   
228  8300   400   400 14200  1700  2000   10   8  15 8.548 0.069 0.070                   8.115 0.006 0.005 6.487 0.108 0.115 
229                                      691 113 129                                     8.174 0.010 0.009                   
230  8200   600   500                     32  23  23 8.497 0.092 0.107 8.213 0.003 0.003 8.220 0.005 0.005                   
231                   10000  2400  2100    7   6  21                   8.367 0.004 0.004 8.331 0.005 0.006                   
232                    7700  1100  1000   85  33  35                   8.387 0.004 0.003 8.432 0.005 0.005                   
233  6600  1600   800                                9.039 0.234 0.633 8.222 0.004 0.004 8.365 0.007 0.005                   
234                                       26  22  25                   8.465 0.004 0.004 8.434 0.005 0.005                   
235                                                                    8.499 0.010 0.011 8.369 0.008 0.008                   
236  8100  2200  1300  9000  3100  2100   75  38  41 8.412 0.227 0.545 8.268 0.004 0.004 8.251 0.006 0.005 7.093 0.251 0.510 
237                   12100  2400  2400   18  17  29                   8.335 0.004 0.005 8.494 0.007 0.007                   
238                                       76  75  95                   8.449 0.011 0.013 8.445 0.011 0.012                   
239                    7900   900   900   45  25  28                   8.531 0.004 0.004 8.482 0.005 0.005                   
240                                                                                      8.088 0.012 0.012                   
241                    7900  2800  1700   26  25  41                   8.320 0.004 0.004 8.331 0.006 0.006                   
242  7800  1400  1000  8000  1600  1300  175  39  46 8.516 0.190 0.334 8.287 0.003 0.003 8.357 0.005 0.005 7.603 0.188 0.325 
243                                                                    8.348 0.004 0.004 8.374 0.006 0.006                   
244                                                                    8.486 0.009 0.009 8.326 0.009 0.008                   
245                                       80  73  73                   8.374 0.005 0.006 8.360 0.008 0.008                   
246                                                                                      8.350 0.014 0.013                   
247                    8300  2500  1800   37  30  36                   8.444 0.004 0.004 8.437 0.005 0.005                   
248                   11500  1800  1600                                8.455 0.004 0.004 8.438 0.005 0.005                   
249                                       85  37  41                   8.517 0.006 0.006 8.409 0.006 0.005                   
250                                                                    8.291 0.003 0.003 8.382 0.005 0.006                   
251                   12300  3300  3400   10   9  32                   8.485 0.007 0.007 8.480 0.008 0.007                   
252  9500   800   600                    132  27  30 8.496 0.098 0.132 8.181 0.003 0.003 8.322 0.005 0.006                   
253                                       88  50  53                   8.496 0.005 0.004 8.428 0.006 0.006                   
254                                      202 201 284                   8.424 0.015 0.014 8.377 0.016 0.017                   
255                                                                    8.467 0.005 0.005 8.489 0.007 0.006                   
256                                       56  50  54                   8.483 0.008 0.008 8.445 0.008 0.008                   
257                                       94  33  34                   8.296 0.003 0.003 8.314 0.004 0.005                   
258                                        7   6  16                   8.665 0.009 0.009 8.457 0.005 0.005                   
259                                       19  18  26                   8.355 0.004 0.004 8.362 0.006 0.006                   
260  9900  1500  1300                    115  60  68 8.389 0.162 0.258 8.216 0.004 0.004 8.334 0.007 0.007                   
261                                       15  14  29                   8.492 0.005 0.005 8.460 0.005 0.006                   
262                                                                    8.390 0.004 0.004 8.399 0.006 0.006                   
263                    7800  1100  1100   28  22  25                   8.438 0.003 0.003 8.433 0.005 0.005                   
264                                       45  40  42                   8.378 0.006 0.006 8.475 0.009 0.008                   
265  9000   200   200                                8.771 0.038 0.044                   8.268 0.005 0.005                   
266  9200   200   200  8900   600   500   29  21  20 8.365 0.027 0.031 8.218 0.003 0.003 8.242 0.005 0.004 7.150 0.075 0.084 
267                                       30  24  27                   8.415 0.003 0.004 8.355 0.005 0.005                   
268                                                                    8.425 0.005 0.004 8.440 0.007 0.006                   
269                                                                    8.361 0.004 0.004 8.396 0.006 0.006                   
270                    7100  2200  1400   15  14  23                   8.432 0.004 0.003 8.434 0.005 0.005                   
271                   15100  2500  2900   10   9  21                   8.369 0.004 0.004 8.348 0.006 0.006                   
272                                       10   9  30                   8.318 0.005 0.005 8.289 0.008 0.008                   
273                                       11  10  47                   8.581 0.025 0.031 8.444 0.012 0.013                   
274                                                                    8.316 0.004 0.004 8.427 0.007 0.007                   
275                                                                    8.351 0.009 0.008 8.293 0.013 0.013                   
276                    7200   600   500   53  27  29                   8.415 0.003 0.003 8.428 0.005 0.004                   
277                                                                    8.466 0.005 0.006 8.427 0.007 0.007                   
278                                       53  33  33                   8.556 0.005 0.005 8.477 0.005 0.005                   
279                                       42  41  76                   8.415 0.017 0.017 8.487 0.021 0.018                   
280                   21600  5100  7700   27  26  46                   8.405 0.005 0.005 8.399 0.007 0.007                   
281                   15300  7400  8500   44  43  60                   8.287 0.006 0.006 8.291 0.010 0.010                   
282                                       27  26  26                   8.340 0.003 0.003 8.345 0.005 0.005                   
283                    9500  3900  2800   45  27  30                   8.291 0.003 0.003 8.323 0.005 0.005                   
284                                       20  19  23                   8.477 0.004 0.004 8.479 0.005 0.005                   
285                                       26  25  32                   8.261 0.004 0.004 8.251 0.005 0.006                   
286                                      124  58  67                   8.472 0.008 0.008 8.322 0.008 0.009                   
287                                       30  27  25                   8.390 0.004 0.004 8.418 0.005 0.006                   
288  9800   500   400 10400   800   700   45  26  28 8.180 0.062 0.080 8.317 0.003 0.003 8.365 0.005 0.004 7.140 0.075 0.088 
289                    9100  3200  2300   14  13  32                   8.353 0.005 0.005 8.298 0.008 0.008                   
290                    8100  1100  1200  132  41  40                   8.368 0.004 0.004 8.448 0.005 0.005                   
291 16400  2500  2600                      4   3  31 8.167 0.155 0.177 8.305 0.008 0.007 8.618 0.010 0.009                   
292                                                                    8.261 0.003 0.004 8.220 0.006 0.005                   
293  7200   700   500  8200   700   600   55  23  27 8.598 0.119 0.187 8.316 0.003 0.003 8.359 0.004 0.005 7.511 0.097 0.115 
294                                                                    8.524 0.007 0.009 8.482 0.007 0.008                   
295                    8000  2000  1600    7   6  16                   8.447 0.004 0.003 8.428 0.005 0.005                   
296                                                                    8.274 0.004 0.005 8.262 0.008 0.007                   
297                                       29  26  26                   8.349 0.003 0.003 8.365 0.005 0.005                   
298                    6900  2200  1300   33  30  24                   8.336 0.003 0.003 8.352 0.005 0.005                   
299                                       95  64  77                   8.422 0.007 0.007 8.485 0.010 0.009                   
300                                                                    8.446 0.004 0.003 8.430 0.005 0.005                   
301                                        7   6  15                   8.470 0.004 0.003 8.443 0.005 0.005                   
302                                                                    8.456 0.005 0.005 8.428 0.007 0.006                   
303                                       41  40  41                   8.584 0.016 0.017 8.404 0.008 0.008                   
304 10800   400   400                                8.237 0.050 0.049 8.194 0.003 0.003 8.304 0.005 0.005                   
305                                                                    8.395 0.050 0.036 8.226 0.079 0.054                   
306                                      128  82  99                   8.250 0.005 0.005 8.248 0.008 0.008                   
307                                                                    8.335 0.004 0.004 8.395 0.006 0.007                   
308  9200   300   300                     85  35  41 8.626 0.052 0.051                   8.305 0.006 0.006                   
309                   50000 20700 50000  377  92 103                   8.239 0.005 0.006 8.200 0.009 0.008                   
310                                      136  86 107                   8.495 0.014 0.014 8.402 0.010 0.010                   
311                                      275  88 104                   8.305 0.004 0.004 8.312 0.008 0.007                   
312                   22300  4400  6800    2   1  22                   8.426 0.004 0.004 8.311 0.006 0.006                   
313                    6400  1600  1200   27  25  26                   8.318 0.003 0.003 8.319 0.005 0.006                   
314                                       60  51  61                   8.391 0.009 0.010 8.469 0.013 0.013                   
315                                                                    8.509 0.007 0.007 8.438 0.007 0.007                   
316                                                                    8.178 0.007 0.006 8.151 0.012 0.012                   
317                                                                    8.472 0.005 0.005 8.419 0.007 0.006                   
318                   17000  8400 11400   10   9  18                   8.307 0.003 0.004 8.290 0.006 0.005                   
319                                                                    8.451 0.012 0.013 8.339 0.012 0.011                   
320                    7000   400   400   53  25  29                   8.445 0.003 0.003 8.437 0.004 0.005                   
321                   10200  1200  1300   39  26  28                   8.361 0.003 0.003 8.335 0.006 0.005                   
322 37900  1400  1600  9900   400   400  346  57  58                   8.418 0.003 0.003 8.565 0.004 0.004                   
323                                                                    8.397 0.008 0.008 8.408 0.011 0.010                   
324                                                                                      8.275 0.009 0.009                   
325                                                                    8.504 0.009 0.010 8.410 0.009 0.008                   
326                   11000  1700  1700   33  27  27                   8.285 0.003 0.003 8.310 0.006 0.004                   
327                                                                                      8.386 0.006 0.005                   
328                                       81  33  34                   8.526 0.004 0.004 8.418 0.005 0.005                   
329                                                                    8.501 0.011 0.014 8.453 0.010 0.011                   
330                                                                    8.421 0.005 0.004 8.393 0.006 0.006                   
331                                      129  69  79                   8.451 0.008 0.008 8.493 0.010 0.010                   
332  7100  1100   800                     16  15  16 8.626 0.169 0.305 8.330 0.003 0.003 8.329 0.004 0.005                   
333                                      167  50  62                   8.274 0.004 0.004 8.301 0.006 0.006                   
334                                                                    8.439 0.004 0.004 8.431 0.005 0.005                   
335                                       19  18  24                   8.225 0.004 0.004 8.254 0.006 0.006                   
336                                       48  32  37                   8.221 0.004 0.003 8.248 0.006 0.006                   
337 10900  2900  2100                     50  29  33 8.002 0.222 0.441 8.387 0.003 0.003 8.386 0.005 0.005                   
338                   19500  9400 17500                                8.473 0.035 0.057 8.212 0.020 0.020                   
339                   23200 11100 22000                                8.490 0.042 0.071 8.229 0.020 0.018                   
340  7100  1800  1000  8500  3200  2000   48  47  51 8.608 0.237 0.616                   8.065 0.008 0.007 7.230 0.259 0.775 
341                                                                    8.496 0.008 0.009 8.431 0.009 0.009                   
342 11500  1100  1000  8900  1900  1400              8.053 0.109 0.129 8.347 0.004 0.003 8.402 0.005 0.005 7.292 0.172 0.342 
343  7500   400   400  7700   900   800   32  19  22 8.538 0.074 0.095 8.246 0.003 0.003 8.255 0.005 0.005 7.444 0.131 0.181 
344 10400   200   200 12000   900   700  161  33  31 8.238 0.027 0.033 8.200 0.003 0.003 8.281 0.004 0.005 7.041 0.058 0.075 
345                   10700  1500  1600   29  24  24                   8.351 0.003 0.003 8.365 0.005 0.005                   
346                                                                    8.484 0.004 0.005 8.384 0.006 0.005                   
347                                       36  28  32                   8.451 0.004 0.004 8.402 0.005 0.005                   
348                                                                    8.193 0.004 0.004 8.187 0.007 0.006                   
349                    8600  1900  1500    1   0  12                   8.306 0.003 0.003 8.435 0.005 0.005                   
350                                       81  24  28                   8.543 0.003 0.003 8.417 0.004 0.004                   
351                                                                    8.512 0.005 0.005 8.421 0.006 0.005                   
352                   12600  2500  2500                                8.377 0.004 0.004 8.463 0.005 0.006                   
353  9800   900   700  7900  1000   900   24  20  18 8.188 0.091 0.133 8.319 0.003 0.003 8.323 0.005 0.005 7.285 0.134 0.207 
354                                       45  35  38                   8.369 0.004 0.004 8.352 0.006 0.006                   
355                                                                                      8.176 0.007 0.008                   
356                                                                    8.233 0.003 0.003 8.262 0.005 0.005                   
357                                      264  50  56                   8.251 0.004 0.004 8.395 0.007 0.006                   
358                                      347  68  79                   8.527 0.008 0.007 8.447 0.008 0.007                   
359                                                                    8.401 0.005 0.004 8.452 0.007 0.006                   
360 10100   200   200                                8.201 0.028 0.032 8.187 0.003 0.003 8.217 0.005 0.005                   
361                                      138  47  43                   8.457 0.005 0.004 8.377 0.006 0.005                   
362                                       35  24  25                   8.397 0.004 0.003 8.379 0.005 0.005                   
363  8000   600   500  6600  2000  1100   26  20  21 8.491 0.095 0.120 8.203 0.003 0.003 8.206 0.005 0.005 7.668 0.255 0.619 
364                                       26  22  23                   8.262 0.003 0.003 8.281 0.005 0.005                   
365  8400   200   300                     99  29  31 8.413 0.048 0.049 8.213 0.003 0.003 8.240 0.004 0.005                   
366                                       18  17  35                   8.438 0.008 0.008 8.492 0.011 0.009                   
367                                                                    8.265 0.006 0.006 8.275 0.010 0.011                   
368                                                                    8.388 0.003 0.003 8.419 0.004 0.005                   
369  9600   400   400                     48  24  26 8.315 0.059 0.057 8.287 0.003 0.003 8.320 0.004 0.005                   
370                    7700   700   600   72  27  30                   8.263 0.003 0.003 8.282 0.004 0.005                   
371                                                                    8.417 0.003 0.003 8.374 0.005 0.004                   
372                    7200   500   500   14  13  16                   8.373 0.003 0.003 8.362 0.004 0.005                   
373                                      154  70  80                   8.396 0.006 0.006 8.412 0.009 0.008                   
374                                                                    8.583 0.007 0.007 8.349 0.005 0.006                   
375                    9100   600   700   73  27  31                   8.369 0.003 0.003 8.400 0.005 0.005                   
376  6600  1200   700  8100  1200  1100              8.851 0.176 0.417 8.233 0.003 0.003 8.227 0.005 0.005 7.287 0.183 0.231 
377                                                                    8.179 0.006 0.006 8.162 0.012 0.010                   
378                                        7   6  13                   8.642 0.004 0.005 8.373 0.005 0.005                   
379                                       36  35  45                   8.191 0.006 0.005 8.321 0.011 0.011                   
380                                      113  31  31                   8.352 0.003 0.003 8.301 0.005 0.005                   
381                   15200   800  1000   24  20  20                   8.362 0.003 0.003 8.356 0.004 0.005                   
382                                       87  37  37                   8.206 0.003 0.003 8.209 0.005 0.006                   
383                                      282  62  75                   8.457 0.005 0.005 8.430 0.007 0.007                   
384                                      287  59  68                   8.433 0.004 0.004 8.468 0.006 0.006                   
385 14300   800   800                     63  36  32 7.719 0.063 0.072 8.340 0.003 0.003 8.346 0.005 0.005                   
386  8800   600   600  7800   900   800    9   8  13 8.355 0.088 0.112 8.321 0.003 0.003 8.317 0.005 0.005 7.293 0.126 0.201 
387                                                                    8.666 0.026 0.034 8.504 0.008 0.007                   
388                                                                    8.265 0.004 0.005 8.263 0.006 0.006                   
389 12500   500   500                     53  30  35 8.202 0.054 0.053 8.309 0.003 0.003 8.472 0.005 0.005                   
390                                                                    8.455 0.005 0.005 8.392 0.006 0.007                   
391                                       10   9  32                   8.391 0.008 0.010 8.324 0.009 0.010                   
392 68700 21500 46600                                                  8.364 0.004 0.004 8.311 0.006 0.006                   
393 26900  2000  2000  6600  1800  1300              7.117 0.053 0.056 8.372 0.004 0.003 8.340 0.005 0.005 7.555 0.270 0.588 
394 10400   200   200  9500   500   600    4   3  13 8.184 0.023 0.029 8.209 0.003 0.003 8.245 0.004 0.005 7.130 0.080 0.067 
395                                      288  45  48                   8.462 0.003 0.003 8.412 0.005 0.005                   
396 21100   900  1100                                7.402 0.047 0.045 8.307 0.004 0.003 8.345 0.006 0.006                   
397                                                                                      8.363 0.006 0.006                   
398                                                                    8.259 0.004 0.004 8.403 0.008 0.007                   
399                                                                    8.275 0.008 0.007 8.278 0.015 0.013                   
400                                      144 110 138                   8.390 0.016 0.016 8.278 0.019 0.018                   
401                                                                    8.645 0.005 0.005 8.379 0.005 0.004                   
402                                      101  51  54                   8.308 0.005 0.005 8.247 0.008 0.008                   
403                                      189  59  65                                                                         
404 18100   600   500                                7.505 0.030 0.034 8.278 0.003 0.004 8.289 0.005 0.006                   
405                                                                    8.397 0.005 0.006 8.307 0.009 0.008                   
406                                                                    8.459 0.015 0.017 8.307 0.009 0.010                   
407                                                                    8.351 0.003 0.004 8.323 0.005 0.005                   
408                                       10   9  15                   8.317 0.003 0.003 8.257 0.005 0.005                   
409                                      383 382 898                                     8.080 0.011 0.009                   
410                                       98  30  35                   8.454 0.005 0.005 8.410 0.005 0.005                   
411                                                                    8.241 0.003 0.003 8.319 0.005 0.005                   
412                                      188  64  68                   8.196 0.004 0.004 8.165 0.007 0.007                   
413                                      279  77  91                   8.314 0.004 0.004 8.275 0.007 0.008                   