Title: The Panchromatic Hubble Andromeda Treasury: Triangulum Extended 
       Region (PHATTER). IV. Star Cluster Catalog  
Authors: Johnson L.C., Wainer T.M., TorresVillanueva E.E., Seth A.C., 
         Williams B.F., Durbin M.J., Dalcanton J.J., Weisz D.R., Bell E.F.,
         Guhathakurta P., Skillman E., Smercina A. 
Table: SLUG Results
================================================================================
Byte-by-byte Description of file: apjac8deft3_mrt.txt
--------------------------------------------------------------------------------
   Bytes Format Units       Label       Explanations
--------------------------------------------------------------------------------
   1-  4 I4     ---         ID          PHATTER Catalog ID
       6 A1     ---         ErrCutFlag  Exclude flag (1)
       8 I1     ---         Nfilters    Number of filters used for fit
  10- 13 F4.2   [solMass]   logM-P16    The 16th percentile of log Mass PDF (2)
  15- 18 F4.2   [solMass]   logM-P50    The 50th percentile of log Mass PDF (2)
  20- 23 F4.2   [solMass]   logM-P84    The 84th percentile of log Mass PDF (2)
  25- 28 F4.2   [yr]        logAge-P16  The 16th percentile of log Age PDF (2)
  30- 33 F4.2   [yr]        logAge-P50  The 50th percentile of log Age PDF (2)
  35- 38 F4.2   [yr]        logAge-P84  The 84th percentile of log Age PDF (2)
  40- 43 F4.2   mag         AV-P16      The 16th percentile of AV PDF (2)
  45- 48 F4.2   mag         AV-P50      The 50th percentile of AV PDF (2)
  50- 53 F4.2   mag         AV-P84      The 84th percentile of AV PDF (2)
--------------------------------------------------------------------------------
Note (1): Set to true for clusters with large uncertainties (16th to 84th
          percentile range >1.2 dex in age or >1.3 dex in mass).
Note (2): Percentiles of the marginalized 1D PDFs.
--------------------------------------------------------------------------------
   3 F 4 2.47 3.23 3.43 7.72 8.25 8.41 0.24 0.43 0.69
   5 F 6 3.99 4.07 4.16 8.41 8.49 8.57 0.23 0.41 0.57
   7 F 6 3.97 4.05 4.12 8.40 8.49 8.58 0.38 0.58 0.74
   8 F 6 4.53 4.59 4.65 8.17 8.23 8.28 0.20 0.26 0.32
  11 F 6 2.45 3.46 3.56 7.71 8.31 8.38 0.10 0.23 0.32
  13 F 6 3.60 3.95 4.06 7.69 7.95 8.11 0.37 0.56 0.78
  14 F 3 3.92 4.02 4.12 8.46 8.59 8.71 0.29 0.45 0.67
  15 F 4 4.21 4.29 4.35 7.74 7.89 7.95 0.17 0.25 0.38
  16 T 4 2.89 4.69 4.79 6.80 8.47 8.83 0.35 1.07 1.62
  17 F 6 3.83 3.93 4.01 7.76 7.87 7.95 0.17 0.30 0.49
  20 F 6 2.98 3.63 3.72 7.81 8.37 8.45 0.24 0.36 0.54
  21 F 6 3.86 3.94 4.03 7.58 7.75 7.99 0.09 0.38 0.75
  22 F 6 3.79 3.93 4.01 7.88 8.00 8.09 0.30 0.42 0.55
  25 F 6 3.98 4.06 4.11 8.02 8.17 8.24 0.09 0.15 0.32
  26 F 3 4.04 4.27 4.41 8.35 8.66 8.83 0.39 0.65 1.13
  27 F 6 3.61 3.70 3.80 7.28 7.42 7.55 0.33 0.51 0.70
  28 F 6 4.02 4.13 4.24 7.87 8.05 8.21 0.33 0.60 0.80
  29 F 6 4.17 4.22 4.27 6.95 7.01 7.05 0.56 0.61 0.66
  30 F 6 3.83 3.90 3.97 8.53 8.63 8.74 0.25 0.42 0.60
  31 F 6 4.19 4.27 4.33 8.57 8.67 8.75 0.28 0.37 0.51
  32 F 6 3.58 3.66 3.74 7.52 7.59 7.67 0.32 0.49 0.65
  34 F 4 3.79 3.87 3.94 8.11 8.21 8.29 0.26 0.38 0.54
  35 F 4 2.75 3.37 3.50 7.74 8.21 8.34 0.34 0.56 0.83
  36 F 6 4.26 4.37 4.45 8.29 8.38 8.47 0.32 0.48 0.67
  39 F 6 4.19 4.26 4.34 7.30 7.45 7.54 0.38 0.49 0.66
  40 F 6 2.55 2.93 3.56 7.64 7.73 8.23 0.20 0.36 0.74
  41 T 4 2.53 3.18 4.35 7.08 7.24 8.48 0.23 0.51 0.76
  42 F 6 4.47 4.55 4.63 8.44 8.55 8.71 0.40 0.63 0.79
  43 F 6 4.32 4.39 4.47 8.64 8.74 8.83 0.13 0.35 0.62
  45 F 4 2.19 2.63 3.11 6.50 6.61 6.72 0.23 0.33 0.45
  47 F 6 4.03 4.16 4.25 8.25 8.38 8.48 0.35 0.52 0.68
  48 F 4 2.75 3.07 3.26 7.45 7.95 8.15 0.30 0.55 1.33
  49 F 3 2.63 3.67 3.86 7.58 8.25 8.52 0.22 0.40 0.71
  50 F 6 3.91 4.01 4.10 8.37 8.48 8.59 0.30 0.48 0.66
  51 T 4 2.23 2.49 3.39 6.52 6.62 7.94 0.30 0.50 0.72
  52 F 5 3.92 4.07 4.18 8.03 8.19 8.33 0.37 0.58 0.78
  53 F 4 3.86 3.95 4.05 8.03 8.17 8.24 0.18 0.28 0.50
  56 F 6 3.91 3.98 4.04 7.54 7.61 7.67 0.36 0.44 0.51
  58 F 6 4.19 4.26 4.33 8.48 8.58 8.73 0.35 0.75 0.90
  59 F 4 3.36 3.95 4.13 7.15 7.79 7.97 0.25 0.40 0.71
  61 F 4 2.98 3.58 3.77 7.67 8.11 8.35 0.43 0.75 1.11
  62 F 4 3.91 4.05 4.14 8.11 8.30 8.41 0.43 0.71 1.12
  63 F 6 4.42 4.47 4.52 7.94 7.99 8.04 0.22 0.27 0.33
  64 F 6 3.27 3.50 3.64 7.81 8.04 8.17 0.49 0.70 0.93
  66 T 3 2.42 3.60 3.82 7.62 8.30 8.59 0.28 0.48 0.78
  67 T 6 2.48 3.50 4.52 6.64 8.00 9.36 0.80 2.50 4.20
  68 F 6 3.78 3.93 4.02 7.74 7.91 8.01 0.24 0.34 0.48
  69 F 6 3.89 3.95 4.02 8.11 8.21 8.27 0.38 0.46 0.70
  70 F 6 4.23 4.29 4.35 7.87 7.96 8.04 0.27 0.35 0.45
  71 T 3 2.20 3.89 4.13 7.55 8.50 8.77 0.41 0.69 1.01
  72 F 5 4.28 4.44 4.53 8.33 8.54 8.73 0.42 0.69 1.00
  73 F 6 3.14 3.80 3.93 7.65 8.09 8.28 0.27 0.43 0.77
  74 F 6 3.35 3.66 3.84 7.62 7.87 8.04 0.55 0.85 1.19
  75 F 3 2.69 3.26 3.47 7.88 8.41 8.67 0.33 0.59 0.97
  76 F 6 4.28 4.35 4.43 7.85 7.91 7.98 0.22 0.30 0.38
  77 T 4 2.17 2.35 3.39 6.54 6.63 8.19 0.31 0.51 0.77
  79 F 4 3.19 3.52 3.62 7.75 8.21 8.32 0.24 0.41 0.61
  80 F 6 3.16 3.36 3.50 7.55 7.69 7.84 0.32 0.49 0.78
  81 T 4 2.65 4.05 4.14 6.63 8.52 8.64 0.28 0.50 1.16
  82 F 6 3.19 3.30 3.40 7.61 7.67 7.74 0.27 0.37 0.51
  84 F 6 3.77 3.85 3.94 7.63 7.72 7.81 0.31 0.44 0.53
  85 T 6 2.34 3.93 4.06 7.44 8.40 8.51 0.28 0.51 0.71
  86 F 4 2.96 3.31 3.44 7.92 8.42 8.56 0.29 0.51 0.81
  87 T 4 2.14 2.44 3.50 6.58 7.66 8.43 0.23 0.48 0.70
  88 F 4 4.09 4.20 4.28 8.10 8.25 8.34 0.31 0.46 0.67
  89 F 4 2.21 2.38 2.66 6.53 6.61 6.69 0.27 0.39 0.59
  90 F 4 2.53 3.07 3.44 7.68 7.82 8.11 0.29 0.47 0.80
  91 F 6 4.17 4.23 4.29 8.17 8.23 8.28 0.28 0.38 0.46
  92 F 3 2.86 3.27 3.44 7.93 8.41 8.61 0.29 0.53 0.88
  93 F 6 3.30 3.40 3.50 8.40 8.50 8.59 0.32 0.52 0.73
  94 F 4 2.41 3.38 3.54 7.72 8.35 8.51 0.26 0.47 0.77
  95 F 6 3.77 3.87 3.95 8.11 8.21 8.28 0.18 0.29 0.37
  96 F 6 2.26 2.82 3.49 6.54 6.67 6.84 0.38 0.50 0.62
  98 F 6 3.93 4.07 4.15 7.25 7.35 7.64 0.20 0.70 0.83
  99 F 6 3.87 4.05 4.16 8.06 8.13 8.19 0.25 0.52 0.67
 100 F 6 4.14 4.28 4.38 7.84 8.07 8.21 0.29 0.47 0.66
 101 F 6 4.17 4.23 4.29 8.60 8.69 8.78 0.24 0.34 0.46
 102 T 4 2.75 3.25 4.25 7.05 7.17 8.27 0.29 0.57 0.91
 103 F 5 4.37 4.47 4.56 8.40 8.60 8.76 0.27 0.46 0.84
 104 F 6 4.42 4.47 4.52 7.69 7.74 7.79 0.11 0.16 0.20
 105 T 5 2.51 3.44 4.17 6.98 7.47 8.30 0.56 1.03 2.05
 106 F 6 2.46 2.91 3.26 6.40 6.54 6.75 0.45 0.55 0.64
 107 F 3 2.71 3.01 3.18 7.96 8.22 8.37 0.29 0.55 0.94
 109 F 6 3.71 3.90 4.01 8.10 8.25 8.34 0.64 0.75 1.12
 110 F 6 3.86 3.95 4.02 8.07 8.16 8.23 0.25 0.32 0.42
 111 F 6 4.17 4.27 4.33 8.09 8.15 8.21 0.41 0.50 0.59
 112 F 4 3.58 4.03 4.14 7.53 8.11 8.25 0.29 0.52 0.85
 113 F 5 2.44 2.50 2.57 6.71 6.76 6.81 0.19 0.25 0.35
 115 F 6 3.86 3.95 4.01 8.01 8.26 8.32 0.11 0.18 0.54
 116 T 4 2.38 3.75 3.86 7.65 8.60 8.76 0.27 0.49 0.82
 117 T 4 2.23 2.79 3.64 7.64 7.78 8.52 0.25 0.40 0.64
 118 F 4 2.51 2.72 3.18 6.50 6.64 6.76 0.43 0.51 0.63
 119 F 6 4.16 4.22 4.26 8.11 8.17 8.22 1.43 1.48 1.53
 120 T 6 2.34 2.99 3.96 6.57 6.67 7.58 0.49 0.89 0.99
 123 F 5 3.47 3.87 4.10 7.84 8.44 8.83 0.40 0.81 1.43
 124 T 4 2.89 3.59 4.17 6.56 6.78 7.83 1.48 2.25 2.97
 125 T 4 2.73 3.30 3.41 6.71 7.84 7.93 0.14 0.23 0.59
 128 F 6 3.98 4.04 4.11 8.50 8.57 8.65 0.14 0.29 0.40
 129 T 6 2.26 4.10 4.21 7.51 8.67 8.84 0.30 0.47 0.71
 130 T 4 2.35 2.54 4.12 6.47 6.56 8.09 0.31 0.45 0.70
 131 F 4 3.05 3.49 3.65 7.61 7.93 8.14 0.27 0.47 0.73
 133 F 6 3.79 3.89 3.95 8.24 8.31 8.37 0.69 0.88 1.00
 134 F 4 3.41 3.74 3.86 7.73 8.07 8.23 0.27 0.49 0.77
 136 F 6 3.67 3.74 3.80 8.05 8.16 8.25 0.19 0.36 0.51
 139 F 4 2.11 2.30 2.52 6.58 6.63 6.70 0.29 0.41 0.50
 140 F 6 3.42 3.71 3.88 7.71 7.96 8.18 0.43 0.71 0.99
 141 T 4 2.29 3.48 3.71 7.55 8.01 8.29 0.29 0.55 0.89
 142 F 4 2.62 3.48 3.67 7.70 8.26 8.53 0.50 0.91 1.34
 143 F 6 3.60 3.84 4.09 7.04 7.13 7.57 0.12 0.22 0.47
 144 F 6 3.74 3.80 3.85 7.39 7.45 7.50 1.21 1.28 1.34
 145 F 4 2.22 2.54 3.01 6.04 6.12 6.52 0.56 0.73 0.90
 146 F 4 2.76 3.35 3.47 6.59 7.25 7.37 0.46 0.58 0.73
 148 F 4 3.16 3.49 3.63 7.76 7.98 8.10 0.11 0.22 0.39
 149 F 6 3.86 3.95 4.03 8.33 8.42 8.49 0.33 0.46 0.59
 150 F 6 3.36 3.48 3.56 7.55 7.63 7.77 0.22 0.41 0.67
 151 F 6 3.41 3.54 3.66 7.76 7.91 8.13 0.35 0.70 0.91
 152 F 4 3.17 3.60 3.75 7.65 8.03 8.22 0.28 0.51 0.83
 153 F 6 3.06 3.34 3.50 7.81 8.01 8.17 0.45 0.70 0.97
 154 T 3 2.74 3.68 4.02 7.59 8.25 8.83 0.47 0.92 1.56
 155 T 3 2.49 4.11 4.35 7.18 8.34 8.94 0.44 1.08 1.65
 156 F 6 3.65 3.84 3.98 7.47 7.59 7.74 0.48 0.73 1.13
 157 F 6 3.74 3.93 4.06 7.70 7.91 8.08 0.31 0.47 0.69
 161 F 3 2.76 3.60 3.83 7.65 8.21 8.54 0.35 0.63 1.02
 162 F 6 3.20 3.46 3.64 7.75 7.95 8.09 0.44 0.75 1.06
 163 F 6 2.32 2.75 3.28 6.28 6.43 6.52 1.21 1.35 1.47
 164 F 6 3.68 3.81 3.89 7.87 7.99 8.09 0.46 0.62 0.87
 165 T 4 2.38 2.87 3.67 6.54 6.67 7.77 0.25 0.44 0.72
 168 F 6 3.93 4.06 4.17 8.44 8.68 8.80 0.22 0.42 0.62
 169 F 4 2.35 2.65 3.21 6.59 6.67 7.74 0.21 0.38 0.53
 170 F 6 3.60 3.71 3.79 7.73 7.84 7.93 0.28 0.39 0.58
 171 T 6 2.37 2.75 4.06 7.49 7.73 8.68 0.55 0.83 1.43
 173 F 6 3.26 3.60 3.83 7.54 7.80 8.02 0.45 0.80 1.14
 174 F 5 2.56 3.33 3.52 7.78 8.36 8.61 0.31 0.54 0.84
 175 F 4 3.19 3.34 3.44 8.34 8.49 8.60 0.24 0.41 0.69
 176 F 4 3.05 3.56 3.68 7.78 8.23 8.35 0.35 0.58 0.83
 177 F 6 3.47 3.71 3.85 7.66 7.90 8.09 0.24 0.43 0.67
 178 F 6 3.28 3.39 3.50 8.23 8.32 8.41 0.18 0.31 0.52
 179 F 6 3.52 3.65 3.74 7.17 7.28 7.44 0.61 0.78 0.96
 180 F 6 3.84 3.92 4.03 7.50 7.57 7.65 0.16 0.25 0.38
 181 T 4 2.21 3.44 3.67 6.61 8.06 8.41 0.29 0.55 0.85
 182 T 4 2.55 3.48 3.87 6.52 7.41 7.79 0.24 0.50 0.95
 184 F 5 3.18 3.42 3.56 8.23 8.52 8.70 0.31 0.53 0.79
 186 F 6 2.56 3.60 3.71 7.67 8.43 8.57 0.20 0.36 0.60
 187 T 3 2.20 2.87 4.32 7.19 7.51 8.74 0.45 0.82 1.60
 189 F 4 2.35 2.88 3.48 6.55 6.70 7.69 0.30 0.55 0.89
 191 F 4 2.50 3.24 3.50 6.54 7.00 7.48 0.44 0.69 0.99
 192 F 6 3.79 3.84 3.89 7.68 7.74 7.79 0.32 0.37 0.43
 195 F 4 3.37 3.78 3.87 7.77 8.21 8.29 0.16 0.28 0.41
 198 T 4 2.48 3.50 4.52 6.64 8.00 9.36 0.80 2.50 4.20
 199 F 4 2.71 3.11 3.35 7.72 7.89 8.11 0.41 0.72 1.13
 200 F 6 3.62 3.86 3.99 7.07 7.30 7.51 0.71 1.06 2.12
 201 F 6 3.43 3.56 3.72 7.12 7.21 7.39 0.75 0.99 1.18
 202 F 6 3.40 3.67 3.84 7.81 8.12 8.33 0.33 0.55 0.83
 204 F 6 3.83 3.91 3.98 8.44 8.59 8.69 0.04 0.17 0.33
 205 F 3 2.83 3.77 3.92 7.76 8.51 8.71 0.32 0.56 0.87
 208 T 4 2.47 3.34 3.66 6.53 7.42 7.79 0.30 0.58 1.28
 209 F 6 2.92 3.28 3.48 6.92 7.72 7.93 0.33 0.60 1.68
 211 T 6 2.66 3.77 4.35 6.82 7.55 9.18 0.47 1.95 4.03
 212 F 6 3.90 4.01 4.09 8.22 8.36 8.45 0.21 0.37 0.56
 213 F 6 4.01 4.13 4.22 7.79 7.96 8.05 0.21 0.37 0.49
 214 F 6 4.33 4.43 4.51 8.56 8.67 8.76 0.35 0.48 0.70
 215 F 4 2.59 3.44 3.58 7.64 8.11 8.29 0.25 0.44 0.73
 216 F 6 2.29 2.69 3.07 6.10 6.21 6.31 1.22 1.33 1.43
 217 F 4 2.50 3.31 3.50 6.57 7.27 7.62 0.43 0.70 1.02
 218 F 4 3.15 3.50 3.63 7.85 8.22 8.35 0.33 0.57 0.80
 222 F 6 3.02 3.43 3.52 7.61 8.05 8.15 0.17 0.31 0.54
 223 F 3 2.96 3.78 4.04 7.59 8.22 8.63 0.39 0.73 1.17
 224 F 6 2.34 2.68 2.76 6.94 7.00 7.06 0.48 0.63 0.74
 225 F 5 3.98 4.11 4.23 8.41 8.63 8.85 0.57 0.96 1.34
 226 F 6 4.11 4.22 4.32 8.44 8.67 8.83 0.33 0.62 1.06
 230 F 4 3.79 3.88 3.96 8.41 8.53 8.63 0.25 0.44 0.66
 231 T 4 2.70 3.21 3.44 6.77 7.81 7.99 0.27 0.49 0.82
 233 T 6 2.40 3.44 4.50 6.66 7.94 9.34 0.69 2.44 4.18
 235 F 6 3.20 3.43 3.56 7.53 7.73 7.85 0.24 0.41 0.64
 238 F 3 2.50 3.31 3.55 7.68 8.13 8.40 0.30 0.56 0.93
 240 F 6 4.20 4.25 4.30 7.39 7.43 7.49 0.59 0.64 0.69
 241 F 4 2.87 3.24 3.46 7.58 7.81 7.96 0.28 0.49 0.97
 242 F 3 2.54 3.36 3.60 7.68 8.15 8.45 0.31 0.57 0.95
 243 F 4 3.34 3.86 4.02 7.81 8.56 8.77 0.38 0.67 1.07
 244 F 6 2.98 3.20 3.38 7.79 7.94 8.07 0.30 0.46 0.73
 245 F 6 2.99 3.34 3.61 7.58 7.84 8.07 0.59 1.04 1.46
 246 F 6 3.69 3.83 3.92 8.08 8.24 8.32 0.17 0.32 0.51
 247 F 6 2.13 2.31 2.56 6.06 6.15 6.27 0.78 0.86 0.95
 248 F 6 3.91 4.00 4.07 7.19 7.27 7.38 0.27 0.41 0.50
 249 F 4 3.14 3.56 3.75 7.21 7.55 7.77 0.31 0.63 1.21
 251 T 5 2.84 3.68 3.93 6.70 7.74 8.13 0.25 0.49 1.54
 253 F 5 2.52 3.21 3.50 7.67 7.89 8.37 0.25 0.46 0.82
 254 F 4 3.59 3.70 3.77 8.09 8.23 8.32 0.22 0.37 0.58
 255 F 4 2.95 3.10 3.22 7.37 7.65 7.85 0.42 0.74 1.11
 257 F 4 3.62 3.74 3.83 8.24 8.37 8.47 0.36 0.56 0.78
 259 F 6 3.78 3.95 4.05 7.83 7.92 8.00 0.13 0.31 0.47
 260 F 6 3.55 3.67 3.77 8.13 8.25 8.37 0.60 0.90 1.10
 262 F 6 2.20 2.47 2.77 6.19 6.30 6.38 0.56 0.68 0.79
 264 F 6 3.66 4.22 4.34 7.05 7.41 7.55 0.51 0.66 0.89
 265 T 4 2.11 3.26 3.44 6.62 8.36 8.52 0.25 0.50 0.92
 266 T 4 2.27 3.57 3.73 7.60 8.39 8.54 0.21 0.35 0.56
 267 F 5 4.18 4.35 4.45 8.46 8.85 9.10 0.58 1.01 1.49
 268 T 6 2.83 4.07 4.21 6.99 7.41 9.01 0.67 1.40 3.85
 269 F 6 2.91 3.36 3.46 6.68 7.39 7.51 0.30 0.42 0.61
 270 F 6 3.48 3.56 3.63 7.36 7.43 7.50 0.17 0.26 0.36
 271 T 3 2.37 4.76 4.92 6.82 8.39 8.91 0.41 0.99 1.31
 273 F 4 2.94 3.05 3.16 7.55 7.71 7.85 0.35 0.57 0.80
 274 F 6 3.20 3.32 3.44 7.96 8.06 8.16 0.37 0.62 0.81
 275 F 4 2.29 2.76 3.11 6.42 6.75 7.12 0.60 0.82 1.01
 277 F 4 2.75 3.36 3.52 7.72 8.14 8.30 0.44 0.70 1.02
 279 T 4 2.25 2.96 3.34 6.60 7.68 8.06 0.27 0.50 0.72
 280 F 6 4.13 4.21 4.29 6.88 7.03 7.21 0.30 0.45 0.67
 283 F 4 2.92 3.87 4.03 7.53 8.29 8.48 0.30 0.56 0.99
 284 F 6 4.15 4.24 4.33 8.52 8.67 8.81 0.56 0.88 1.15
 285 F 5 3.47 3.87 3.99 7.94 8.52 8.74 0.38 0.65 0.89
 287 F 4 2.11 2.28 3.12 6.60 6.66 7.57 0.23 0.30 0.38
 289 T 6 2.27 3.52 3.67 7.66 8.41 8.56 0.19 0.32 0.50
 290 F 5 3.62 3.78 3.89 8.07 8.17 8.26 0.53 0.81 1.03
 291 F 6 2.93 3.16 3.34 7.73 7.91 8.05 0.43 0.69 1.00
 292 F 6 2.47 2.71 3.43 7.55 7.70 8.23 0.24 0.37 0.70
 293 F 6 2.51 3.58 3.67 7.71 8.52 8.63 0.22 0.39 0.60
 294 F 3 2.28 2.72 3.24 6.10 6.42 6.70 0.43 0.72 1.03
 296 F 5 3.01 3.38 3.75 7.40 7.61 7.92 0.44 0.83 1.33
 298 T 6 2.48 3.50 4.52 6.64 8.00 9.36 0.80 2.50 4.20
 299 F 4 2.58 3.31 3.51 7.62 7.99 8.25 0.31 0.56 0.88
 300 T 6 2.60 3.87 4.47 6.76 7.63 9.24 0.71 2.13 4.09
 302 F 4 2.71 3.44 3.60 7.33 7.97 8.19 0.25 0.47 0.80
 303 F 5 3.64 3.86 4.03 8.40 8.70 8.88 0.35 0.61 1.03
 308 F 6 3.59 3.98 4.12 7.84 8.55 8.81 0.42 0.80 1.18
 309 F 6 3.21 3.42 3.54 8.31 8.52 8.67 0.37 0.61 0.90
 310 F 5 3.50 3.68 3.86 8.01 8.36 8.60 0.35 0.71 1.33
 311 F 4 2.73 3.77 3.91 7.70 8.46 8.65 0.31 0.55 0.92
 312 F 4 2.88 3.42 3.54 7.87 8.47 8.61 0.29 0.52 0.86
 313 F 6 3.61 3.68 3.76 8.36 8.42 8.49 0.25 0.37 0.50
 314 F 4 3.21 3.74 4.16 6.59 7.18 7.78 0.65 1.24 2.04
 315 F 4 2.64 3.27 3.40 7.76 8.17 8.31 0.27 0.47 0.76
 316 F 6 3.07 3.26 3.41 7.57 7.74 7.93 0.41 0.68 1.00
 317 F 4 2.63 3.46 3.61 7.67 8.19 8.39 0.30 0.56 0.90
 318 F 3 2.63 3.51 3.84 7.59 8.03 8.54 0.48 1.05 1.66
 319 F 6 2.84 3.19 3.44 7.70 7.84 8.11 0.28 0.48 0.76
 321 F 6 3.15 3.41 3.58 7.87 8.09 8.23 0.52 0.82 1.13
 322 F 6 2.87 3.13 3.31 7.49 7.63 7.83 0.34 0.58 0.94
 324 F 5 3.65 3.80 3.92 8.45 8.64 8.83 0.46 0.74 1.03
 326 F 6 3.48 3.66 3.75 8.12 8.26 8.37 0.67 1.03 1.26
 328 F 4 2.39 3.28 3.44 7.69 8.28 8.45 0.26 0.48 0.85
 330 F 5 2.51 2.90 3.40 7.61 7.81 8.04 0.53 0.93 1.47
 331 F 4 3.55 3.72 3.83 8.42 8.59 8.76 0.55 0.82 1.14
 334 F 6 3.35 3.50 3.62 7.86 8.01 8.13 0.25 0.42 0.61
 338 T 3 2.60 3.67 3.92 7.68 8.43 8.75 0.37 0.69 1.16
 342 F 4 3.46 3.81 3.95 7.78 8.26 8.43 0.30 0.55 0.89
 343 F 6 3.96 4.02 4.08 8.50 8.57 8.64 0.12 0.24 0.37
 344 F 4 2.43 2.99 3.23 6.67 6.98 7.33 1.08 1.34 1.50
 345 T 4 2.23 3.49 3.63 6.64 8.32 8.45 0.22 0.43 0.71
 347 F 4 2.99 3.35 3.52 7.63 7.84 8.00 0.26 0.43 0.67
 348 F 3 2.47 3.33 3.51 7.84 8.47 8.74 0.38 0.66 0.99
 349 F 3 2.55 3.25 3.46 7.76 8.23 8.51 0.28 0.51 0.86
 350 F 4 2.36 2.87 3.31 6.25 6.56 6.82 0.39 0.58 0.76
 351 F 6 2.66 3.31 3.50 7.80 8.31 8.57 0.35 0.62 0.96
 352 T 4 2.73 3.12 3.25 6.64 7.85 7.96 0.16 0.32 0.65
 354 F 4 3.14 3.30 3.41 8.29 8.47 8.60 0.29 0.51 0.83
 355 F 6 3.05 3.16 3.24 7.60 7.70 7.80 0.17 0.27 0.37
 356 F 6 3.71 3.81 3.90 7.85 7.95 8.03 0.20 0.34 0.49
 358 F 4 2.41 2.87 3.23 6.51 6.64 6.79 0.15 0.23 0.31
 361 F 6 2.73 2.97 3.15 7.95 8.09 8.25 0.29 0.49 0.73
 363 F 6 3.77 3.89 3.99 8.11 8.23 8.34 0.65 0.84 1.07
 365 F 6 2.80 2.86 2.91 7.45 7.49 7.55 0.96 1.01 1.06
 369 F 6 3.25 3.57 3.77 7.59 7.82 8.01 0.51 0.82 1.12
 370 F 5 3.75 4.02 4.18 8.29 8.81 9.10 0.54 1.00 1.76
 371 F 6 3.22 3.40 3.53 8.09 8.23 8.37 0.53 0.85 1.10
 372 F 6 3.65 3.79 3.89 7.78 7.99 8.10 0.39 0.58 0.83
 374 T 6 2.48 3.50 4.52 6.64 8.00 9.36 0.80 2.50 4.20
 375 F 4 2.42 2.94 3.21 6.65 6.86 7.07 0.82 0.97 1.11
 376 F 4 2.26 2.74 3.05 6.56 6.88 7.24 0.26 0.42 0.58
 377 F 6 4.15 4.24 4.33 6.98 7.18 7.29 0.26 0.37 0.64
 378 F 4 2.73 3.14 3.56 6.40 6.48 6.67 0.33 0.42 0.51
 379 F 6 2.91 3.14 3.29 7.86 8.03 8.17 0.40 0.61 0.87
 380 F 4 2.41 2.94 3.57 6.54 6.70 7.69 0.32 0.58 0.97
 382 F 5 2.99 3.34 3.59 7.67 7.93 8.17 0.38 0.65 1.00
 386 F 6 2.97 3.46 3.63 7.78 8.11 8.30 0.53 0.86 1.19
 387 F 6 3.08 3.42 3.62 7.52 7.77 7.94 0.59 0.93 1.39
 388 T 5 2.48 3.50 4.52 6.64 8.00 9.36 0.80 2.50 4.20
 392 F 6 2.17 2.40 2.68 6.03 6.09 6.17 0.89 0.99 1.09
 393 F 4 2.53 3.51 3.68 7.72 8.41 8.60 0.35 0.63 1.02
 394 F 3 2.63 3.21 3.41 7.72 8.03 8.25 0.31 0.55 0.89
 396 F 6 2.99 3.35 3.58 7.73 7.95 8.16 0.68 1.09 1.48
 397 F 4 2.27 2.72 3.19 6.10 6.37 6.75 0.51 0.75 0.97
 399 F 4 2.22 2.63 3.25 6.06 6.20 6.71 0.36 0.51 0.68
 406 F 5 3.44 3.66 3.80 8.24 8.47 8.70 0.44 0.75 1.05
 407 F 4 2.65 3.19 3.35 7.62 8.01 8.19 0.27 0.49 0.84
 408 F 4 3.02 3.32 3.48 8.07 8.58 8.79 0.35 0.66 1.16
 409 F 5 3.77 3.96 4.11 8.40 8.60 8.87 0.32 0.62 1.17
 412 F 4 2.46 3.25 3.43 7.75 8.22 8.44 0.32 0.59 0.95
 413 F 6 3.10 3.31 3.49 7.69 7.89 8.04 0.35 0.56 0.77
 415 F 6 2.91 3.40 3.52 7.83 8.37 8.51 0.32 0.56 0.86
 416 F 4 2.41 3.23 3.47 6.45 7.01 7.25 0.42 0.59 0.73
 417 F 3 2.57 3.10 3.35 7.77 8.03 8.27 0.35 0.63 1.02
 418 F 6 3.35 3.50 3.61 8.08 8.32 8.42 0.30 0.55 1.08
 419 F 6 3.74 3.90 3.99 8.33 8.50 8.67 0.49 0.76 1.05
 420 F 6 3.94 4.07 4.21 8.64 8.76 8.88 0.51 0.88 1.23
 421 F 3 2.65 3.20 3.48 7.67 7.94 8.27 0.36 0.68 1.16
 424 F 4 2.66 3.74 3.87 7.71 8.47 8.61 0.27 0.48 0.78
 425 F 5 2.85 3.17 3.36 7.81 8.06 8.22 0.37 0.66 1.00
 426 F 4 3.56 3.79 3.90 7.99 8.28 8.41 0.25 0.44 0.69
 427 T 6 2.53 3.66 3.79 6.60 7.79 7.92 0.26 0.33 0.57
 428 T 4 2.21 2.63 3.67 6.58 7.62 8.34 0.24 0.47 0.77
 429 F 6 3.08 3.41 3.66 7.63 7.86 8.07 0.67 1.05 1.45
 430 F 4 3.10 3.59 3.70 7.74 8.13 8.29 0.35 0.58 0.84
 431 F 5 3.17 3.37 3.53 7.98 8.20 8.39 0.25 0.44 0.70
 432 F 6 3.58 3.65 3.73 7.27 7.33 7.40 0.40 0.50 0.60
 433 F 4 2.97 3.56 3.66 7.70 8.20 8.31 0.24 0.41 0.65
 434 F 4 2.64 3.37 3.49 7.81 8.40 8.52 0.27 0.48 0.75
 435 T 6 2.46 3.01 4.36 7.07 7.19 8.53 0.25 0.49 0.86
 437 F 4 2.16 2.44 2.94 6.06 6.24 7.01 0.55 0.75 0.94
 438 T 4 2.32 3.68 3.82 6.66 8.31 8.49 0.23 0.47 0.80
 439 F 6 2.86 3.08 3.24 7.57 7.64 7.76 0.52 0.76 0.94
 440 F 4 2.26 2.65 2.99 6.33 6.66 6.89 0.72 0.86 1.00
 443 F 6 3.24 3.62 3.80 7.67 7.77 8.02 0.22 0.50 0.72
 444 F 6 3.39 3.53 3.65 8.03 8.16 8.28 0.58 0.84 1.05
 445 F 6 2.26 2.89 3.31 6.46 6.63 6.83 0.48 0.55 0.61
 448 F 6 3.11 3.26 3.36 7.76 7.85 7.93 0.27 0.39 0.56
 450 F 6 2.86 3.40 3.56 7.85 8.26 8.36 0.82 1.13 1.40
 452 T 5 2.38 4.24 4.42 7.35 8.73 9.14 0.37 0.71 1.41
 453 F 5 3.39 3.84 4.02 7.83 8.38 8.66 0.39 0.67 0.95
 454 F 6 3.24 3.42 3.55 8.21 8.41 8.55 0.49 0.77 1.06
 455 F 6 3.03 3.28 3.44 7.63 7.81 7.91 0.24 0.35 0.67
 457 F 6 2.99 3.31 3.51 7.71 7.93 8.11 0.49 0.80 1.16
 458 F 6 3.22 3.38 3.50 7.99 8.16 8.28 0.29 0.48 0.70
 461 F 4 2.66 3.14 3.35 7.79 8.13 8.37 0.32 0.60 1.00
 462 F 3 2.60 3.56 3.78 7.73 8.43 8.79 0.43 0.78 1.22
 463 T 4 2.29 2.73 2.97 6.12 6.38 7.77 0.25 1.50 1.81
 464 F 6 2.76 3.33 3.46 7.77 8.13 8.24 0.18 0.32 0.48
 465 F 6 3.18 3.41 3.56 7.75 7.98 8.15 0.30 0.50 0.78
 467 T 6 2.48 3.50 4.52 6.64 8.00 9.36 0.81 2.50 4.20
 468 F 6 2.89 3.61 3.77 7.80 8.46 8.73 0.41 0.74 1.07
 469 F 4 2.83 3.42 3.61 7.63 7.92 8.19 0.45 0.77 1.20
 471 F 5 2.20 3.26 3.50 7.72 8.23 8.56 0.24 0.40 0.61
 472 F 6 3.46 3.64 3.75 7.90 8.09 8.22 0.33 0.58 0.80
 473 F 6 3.02 3.26 3.41 7.93 8.17 8.31 0.33 0.57 0.85
 474 F 4 2.89 3.06 3.19 8.21 8.39 8.51 0.28 0.51 0.82
 476 F 6 2.86 2.98 3.12 7.61 7.69 7.78 0.35 0.56 0.82
 477 F 3 3.64 3.80 3.90 8.35 8.56 8.70 0.31 0.51 0.70
 478 F 5 3.32 3.85 4.04 7.76 8.31 8.62 0.38 0.64 0.95
 479 T 6 2.48 3.50 4.52 6.64 8.00 9.36 0.80 2.50 4.20
 485 F 4 2.21 2.55 2.95 6.57 6.69 7.20 0.25 0.38 0.49
 488 F 4 2.84 3.17 3.34 7.38 7.91 8.11 0.28 0.54 1.28
 490 F 4 2.95 3.26 3.39 7.91 8.43 8.58 0.33 0.61 1.06
 492 T 4 2.51 3.22 3.43 6.59 7.63 7.89 0.29 0.59 1.11
 495 F 6 2.26 2.61 2.83 6.10 6.53 6.63 0.73 0.88 1.05
 496 F 3 2.78 3.43 3.59 7.85 8.50 8.67 0.29 0.51 0.85
 497 F 6 3.20 3.51 3.65 7.72 7.99 8.26 0.50 0.90 1.25
 502 F 6 3.07 3.26 3.39 7.72 7.92 8.08 0.76 1.04 1.31
 503 F 4 3.08 3.59 3.77 7.49 7.86 8.09 0.28 0.52 0.92
 506 T 4 2.23 2.56 3.36 6.54 6.66 7.83 0.32 0.57 1.06
 508 F 3 2.84 3.71 4.10 7.41 7.96 8.53 0.46 0.93 1.52
 514 F 4 2.68 3.27 3.49 7.60 7.90 8.13 0.27 0.48 0.77
 515 F 4 2.43 2.92 3.14 6.56 7.07 7.46 0.78 1.13 1.41
 517 F 6 2.99 3.21 3.38 7.66 7.82 7.98 0.30 0.51 0.77
 518 T 4 2.69 3.09 3.29 6.88 7.86 8.09 0.33 0.67 1.66
 519 F 6 3.25 3.42 3.64 7.47 7.62 7.77 1.26 1.74 2.10
 520 T 4 2.28 3.47 3.62 7.67 8.41 8.58 0.25 0.45 0.73
 521 F 4 3.73 3.91 4.02 8.09 8.38 8.51 0.27 0.50 0.81
 524 T 4 2.23 3.37 3.52 6.64 8.37 8.53 0.25 0.44 0.87
 525 F 5 3.95 4.02 4.08 8.57 8.67 8.76 0.25 0.32 0.42
 526 F 6 2.31 2.35 2.41 6.76 6.81 6.86 1.05 1.10 1.15
 529 F 4 2.24 2.60 2.98 6.34 6.54 6.78 0.86 0.98 1.09
 530 T 6 2.48 3.50 4.52 6.64 8.00 9.36 0.80 2.50 4.20
 533 T 3 2.49 3.11 3.49 6.40 7.65 8.05 0.39 0.89 2.04
 534 T 4 2.48 3.50 3.74 6.61 7.80 8.11 0.29 0.56 0.90
 536 F 6 2.80 3.22 3.38 7.63 7.91 8.09 0.34 0.68 0.98
 538 F 3 2.66 2.92 3.11 7.94 8.19 8.39 0.28 0.54 1.02
 541 F 5 2.70 3.00 3.26 7.65 7.75 7.93 0.45 0.81 1.23
 542 T 4 2.48 3.50 4.52 6.64 8.00 9.36 0.80 2.50 4.20
 543 F 4 2.55 3.37 3.51 7.74 8.26 8.42 0.28 0.48 0.78
 544 F 6 3.26 3.38 3.48 8.20 8.31 8.41 0.44 0.66 0.86
 545 F 4 2.92 3.19 3.30 7.83 8.07 8.18 0.18 0.33 0.65
 547 F 4 2.96 3.41 3.59 7.66 7.95 8.17 0.31 0.53 0.84
 550 F 5 3.79 3.92 4.02 8.47 8.65 8.78 0.36 0.59 0.79
 551 F 6 2.48 2.84 2.93 6.28 6.34 6.41 0.78 0.85 0.92
 560 T 6 2.61 2.95 4.30 6.86 7.59 9.14 0.19 1.82 3.99
 564 F 4 2.80 3.04 3.19 7.51 7.92 8.09 0.22 0.51 0.99
 566 F 6 3.35 3.53 3.70 7.65 7.84 8.00 1.00 1.39 1.67
 570 F 6 3.08 3.26 3.41 7.56 7.70 7.87 0.60 0.89 1.14
 571 F 4 2.85 3.08 3.25 7.69 7.90 8.07 0.17 0.34 1.10
 572 F 4 2.84 3.05 3.19 7.53 7.75 7.87 0.24 0.44 0.78
 573 T 6 2.48 3.50 4.52 6.64 8.00 9.36 0.80 2.50 4.20
 575 F 4 3.00 3.40 3.60 7.66 7.96 8.14 0.37 0.64 0.98
 578 F 4 2.71 2.90 3.06 8.00 8.21 8.37 0.26 0.49 0.87
 579 F 6 2.68 3.36 3.61 7.65 7.98 8.27 0.62 1.17 1.64
 584 F 6 2.76 3.03 3.23 7.82 8.00 8.17 0.33 0.57 0.90
 585 F 4 2.61 2.80 2.94 7.25 7.50 7.70 0.41 0.64 0.92
 586 F 6 3.76 3.87 3.98 7.39 7.55 7.70 0.69 0.86 1.09
 587 F 5 3.37 3.62 3.78 8.03 8.29 8.49 0.37 0.61 0.88
 588 F 6 3.20 3.44 3.51 7.32 7.39 7.45 0.48 0.54 0.61
 591 F 6 2.64 2.92 3.14 7.58 7.73 8.01 0.57 0.88 1.26
 593 F 6 3.09 3.29 3.43 7.87 8.02 8.14 0.47 0.70 0.96
 594 F 6 3.22 3.44 3.57 7.38 7.57 7.76 0.32 0.57 0.83
 595 F 4 2.27 2.68 3.04 6.40 6.64 6.87 0.20 0.32 0.45
 596 F 4 2.25 2.64 3.00 6.24 6.57 6.87 0.31 0.45 0.58
 597 F 4 3.23 3.58 3.69 7.77 8.14 8.28 0.32 0.55 0.82
 598 F 4 2.55 3.48 3.60 7.71 8.33 8.49 0.23 0.39 0.62
 600 F 4 2.23 2.59 2.96 6.22 6.61 7.02 0.46 0.66 0.86
 601 F 6 3.72 3.82 3.92 8.24 8.34 8.46 0.46 0.79 1.04
 602 F 6 3.33 3.47 3.58 7.84 7.97 8.08 0.47 0.66 0.87
 603 F 5 2.86 3.01 3.10 6.77 6.83 6.88 0.21 0.33 0.46
 605 F 4 3.03 3.17 3.26 7.51 7.69 7.84 0.35 0.57 0.80
 607 F 3 2.56 3.54 3.83 7.72 8.43 8.81 0.42 0.77 1.26
 608 F 6 3.49 3.68 3.86 7.53 7.67 7.82 0.32 0.55 0.89
 610 F 6 3.60 3.68 3.74 8.51 8.59 8.67 0.39 0.60 0.77
 613 F 5 2.64 3.37 3.76 7.79 8.25 8.88 0.51 1.01 1.54
 615 F 6 3.21 3.49 3.60 8.14 8.43 8.55 0.36 0.62 0.89
 616 F 5 2.74 3.56 3.87 7.75 8.32 8.89 0.49 1.00 1.55
 617 F 5 2.74 3.37 3.57 7.84 8.41 8.70 0.37 0.65 1.02
 618 F 4 2.72 2.90 3.02 7.26 7.49 7.65 0.27 0.45 0.71
 619 F 3 3.20 3.38 3.50 8.29 8.51 8.64 0.29 0.53 0.88
 622 F 4 2.83 3.20 3.39 7.60 7.85 8.01 0.27 0.50 0.84
 623 F 6 3.07 3.27 3.41 7.76 7.92 8.05 0.25 0.42 0.62
 624 T 6 2.67 4.05 4.33 6.83 8.07 9.17 0.82 1.91 4.01
 625 F 5 2.72 3.23 3.55 7.81 8.17 8.59 0.42 0.77 1.20
 626 F 6 2.64 3.39 3.54 6.63 7.31 7.57 0.36 0.55 0.81
 627 F 4 2.78 2.98 3.13 7.74 8.03 8.20 0.28 0.54 1.01
 628 F 6 2.83 3.06 3.29 6.30 6.51 6.63 1.09 1.33 1.43
 629 F 6 2.10 2.17 2.40 6.40 6.67 6.76 0.65 0.72 0.79
 631 T 6 2.48 3.50 4.52 6.64 8.00 9.36 0.80 2.50 4.20
 633 F 4 2.23 2.71 3.05 6.57 6.75 6.95 0.23 0.34 0.45
 635 F 6 3.35 3.64 3.79 7.66 7.92 8.09 0.61 0.92 1.18
 638 F 3 2.52 3.36 3.67 7.64 8.09 8.51 0.31 0.58 0.97
 641 F 4 2.86 3.29 3.57 6.14 6.45 6.65 0.19 0.33 0.50
 642 F 6 3.46 3.58 3.70 7.15 7.23 7.32 0.28 0.41 0.59
 646 T 6 2.48 3.50 4.52 6.64 8.00 9.36 0.80 2.50 4.20
 649 T 6 2.48 3.49 4.52 6.64 7.99 9.36 0.81 2.50 4.20
 650 T 4 3.00 3.44 3.64 6.52 7.57 7.78 0.33 0.63 1.32
 652 T 6 2.48 3.50 4.52 6.64 8.00 9.36 0.80 2.50 4.20
 653 F 6 2.86 3.13 3.30 6.56 6.69 6.92 0.75 0.86 1.00
 656 F 4 2.42 2.80 3.22 6.50 6.61 6.88 0.23 0.33 0.43
 659 F 6 2.97 3.08 3.23 7.51 7.59 7.68 0.46 0.59 0.73
 660 F 6 3.10 3.30 3.49 7.29 7.45 7.58 0.36 0.64 0.87
 661 F 6 2.83 3.29 3.57 7.74 8.07 8.39 0.47 0.80 1.21
 662 F 6 3.47 3.60 3.72 8.34 8.44 8.63 0.31 0.57 0.86
 663 F 4 2.23 2.65 3.20 6.08 6.44 6.78 0.64 0.94 1.25
 666 F 4 2.26 2.77 3.35 6.10 6.58 7.17 0.35 0.55 0.77
 667 T 4 2.41 3.11 3.50 6.34 6.85 7.83 0.41 1.06 1.69
 669 T 4 2.48 3.50 4.52 6.64 8.00 9.36 0.81 2.50 4.20
 670 T 6 2.58 3.56 4.42 6.74 7.70 9.26 0.31 2.21 4.11
 671 F 4 2.55 3.50 3.63 7.57 8.07 8.22 0.18 0.33 0.58
 673 F 6 3.07 3.58 3.86 7.61 8.07 8.63 0.52 1.17 1.90
 675 T 6 2.48 3.50 4.52 6.64 8.00 9.36 0.81 2.50 4.20
 679 T 4 2.37 2.86 3.61 6.52 6.65 7.76 0.37 0.56 0.81
 685 F 6 2.43 2.85 3.14 6.36 6.52 6.65 1.01 1.15 1.27
 691 F 5 3.47 3.59 3.71 8.13 8.25 8.35 0.40 0.61 0.83
 694 T 6 2.48 3.50 4.52 6.64 8.00 9.36 0.80 2.50 4.20
 695 F 4 2.20 2.52 2.80 6.24 6.78 7.28 0.50 0.79 1.04
 696 F 6 3.78 3.84 3.89 7.61 7.66 7.72 0.49 0.56 0.62
 702 F 4 2.77 3.06 3.23 7.91 8.11 8.30 0.25 0.44 0.78
 703 F 6 2.68 3.14 3.39 6.42 6.49 6.56 0.74 0.87 0.98
 706 F 6 2.18 2.47 2.81 6.28 6.38 6.48 0.57 0.70 0.81
 707 F 6 2.37 3.02 3.35 7.76 7.95 8.26 0.62 1.01 1.46
 712 F 4 2.70 2.97 3.12 6.82 7.48 7.79 0.51 0.94 1.50
 714 F 5 2.63 3.40 3.61 7.70 8.25 8.52 0.31 0.55 0.85
 715 F 6 4.03 4.11 4.17 8.65 8.75 8.82 0.39 0.49 0.61
 716 F 6 3.18 3.53 3.66 7.63 8.13 8.22 0.26 0.38 0.72
 717 T 4 2.09 2.34 3.57 6.57 6.67 8.46 0.32 0.62 0.90
 718 F 6 2.09 2.14 2.21 6.76 6.82 6.87 0.32 0.37 0.44
 720 F 4 2.58 2.91 3.07 6.76 7.33 7.56 0.31 0.56 0.89
 728 F 5 2.73 3.35 3.71 7.71 8.07 8.49 0.50 0.92 1.38
 731 F 6 2.77 3.27 3.41 6.81 7.23 7.42 0.45 0.62 0.83
 732 F 6 2.20 2.38 2.63 6.51 6.59 6.66 0.50 0.58 0.73
 735 F 4 2.21 2.56 2.95 6.13 6.34 6.72 0.55 0.73 0.89
 736 F 6 3.13 3.32 3.48 7.59 7.77 8.05 1.09 1.51 1.89
 738 F 4 2.14 2.40 2.72 6.14 6.39 6.90 0.81 1.08 1.34
 743 F 4 2.78 2.91 3.02 7.47 7.63 7.76 0.19 0.32 0.49
 744 F 4 2.17 2.53 3.08 7.54 7.63 8.02 0.20 0.36 1.95
 747 F 6 3.74 3.83 3.92 7.87 7.93 7.99 0.29 0.36 0.46
 748 F 4 2.85 3.05 3.18 7.14 7.49 7.69 0.38 0.66 1.06
 749 F 6 2.88 3.18 3.39 7.79 7.95 8.13 0.59 0.92 1.27
 751 F 4 2.28 2.70 3.00 6.44 6.67 7.06 0.29 0.41 0.53
 752 T 6 2.59 2.89 3.08 6.56 7.82 7.92 0.27 0.45 1.79
 754 F 4 2.73 2.98 3.16 7.70 7.99 8.14 0.31 0.58 1.17
 755 F 6 2.98 3.26 3.45 7.77 8.01 8.21 0.28 0.50 0.80
 756 F 6 3.49 3.55 3.61 7.55 7.60 7.65 0.90 0.95 1.01
 759 F 6 3.02 3.17 3.31 7.49 7.56 7.66 0.18 0.33 0.44
 761 F 4 2.78 2.95 3.08 7.69 8.05 8.28 0.30 0.66 1.11
 763 F 5 2.50 3.12 3.46 7.82 8.19 8.60 0.45 0.88 1.37
 764 F 4 2.87 3.26 3.43 7.78 8.10 8.28 0.33 0.57 0.89
 766 F 5 2.60 3.44 3.75 7.76 8.29 8.87 0.49 0.96 1.44
 779 F 4 2.78 3.44 3.62 7.84 8.37 8.58 0.46 0.84 1.28
 781 F 6 2.65 2.86 3.03 7.80 7.87 7.97 0.25 0.43 0.65
 783 F 4 2.49 3.07 3.42 7.79 8.13 8.55 0.50 1.08 1.79
 784 F 3 2.19 2.50 2.83 6.16 6.48 6.97 0.80 1.14 1.48
 789 T 6 2.48 3.50 4.52 6.64 8.00 9.36 0.80 2.50 4.20
 791 F 6 2.90 3.12 3.30 7.42 7.49 7.61 0.46 0.70 0.97
 796 F 6 2.17 2.50 2.91 7.31 7.36 7.43 0.58 0.66 0.88
 798 F 6 2.48 2.84 3.18 7.65 7.81 7.96 0.26 0.49 0.84
 803 F 6 3.10 3.38 3.53 8.16 8.43 8.64 0.48 0.86 1.24
 806 F 6 2.19 2.52 3.11 6.33 6.41 6.52 0.79 0.87 0.95
 808 F 4 2.65 3.17 3.45 7.71 7.97 8.25 0.58 1.04 1.53
 817 T 6 2.48 3.50 4.52 6.64 8.00 9.36 0.80 2.50 4.20
 818 F 4 2.72 2.96 3.13 7.51 7.99 8.19 0.31 0.63 1.34
 821 T 5 2.63 2.98 3.19 6.86 7.46 8.11 0.44 1.65 2.10
 822 F 4 2.94 3.18 3.35 7.59 7.77 7.93 0.20 0.37 0.60
 823 F 6 2.78 3.05 3.27 7.76 7.92 8.09 0.59 0.94 1.29
 828 F 6 3.07 3.32 3.53 7.46 7.75 8.26 0.67 1.41 2.01
 829 F 6 2.19 2.49 2.86 6.20 6.36 6.76 1.12 1.27 1.50
 830 F 4 3.10 3.32 3.49 8.34 8.61 8.81 0.31 0.56 0.95
 832 F 6 2.68 2.89 2.97 7.37 7.43 7.50 0.24 0.32 0.41
 834 F 6 2.62 2.99 3.20 7.80 8.10 8.28 0.17 0.33 0.58
 835 T 6 2.48 3.49 4.52 6.64 7.99 9.36 0.79 2.49 4.20
 836 F 6 3.05 3.20 3.33 7.79 7.94 8.06 0.19 0.33 0.53
 837 F 4 2.67 3.17 3.32 7.67 7.95 8.10 0.27 0.48 0.74
 842 T 6 2.48 3.50 4.52 6.64 8.00 9.36 0.80 2.50 4.20
 846 F 6 2.65 2.82 2.99 8.10 8.21 8.33 0.25 0.45 0.68
 848 T 4 2.23 2.47 3.35 6.55 6.64 7.81 0.31 0.45 0.63
 849 F 6 3.12 3.37 3.50 7.79 7.96 8.12 0.58 0.78 1.05
 852 F 3 2.48 3.04 3.37 7.82 8.09 8.51 0.42 0.77 1.24
 853 F 6 3.41 3.52 3.61 7.94 8.06 8.16 0.18 0.31 0.45
 857 F 4 2.32 2.86 3.25 6.41 6.62 6.83 1.01 1.17 1.28
 858 F 6 2.59 2.88 3.11 7.92 8.07 8.26 0.31 0.55 0.85
 860 F 4 2.77 2.97 3.13 7.53 7.93 8.14 0.30 0.61 1.14
 863 F 6 3.18 3.34 3.48 7.42 7.50 7.61 0.26 0.45 0.66
 864 F 4 2.91 3.35 3.53 7.67 7.97 8.18 0.35 0.61 0.95
 867 T 4 2.76 3.33 3.55 6.66 7.69 7.93 0.39 0.70 1.31
 868 T 5 2.93 3.38 3.75 7.55 7.83 8.86 0.67 1.56 2.28
 874 F 6 3.18 3.35 3.53 7.61 7.82 8.08 0.57 0.98 1.47
 876 F 4 2.11 2.34 2.60 6.03 6.08 6.21 0.72 0.81 0.89
 879 F 4 2.71 3.29 3.43 7.74 8.12 8.29 0.32 0.55 0.84
 882 T 5 3.04 3.81 4.07 7.77 8.64 9.09 0.43 0.91 1.67
 887 F 6 3.52 3.58 3.63 7.83 7.91 7.97 0.17 0.24 0.31
 891 T 3 2.26 2.62 2.89 6.46 7.17 7.72 0.69 1.13 1.53
 897 F 4 3.01 3.14 3.25 8.51 8.65 8.78 0.26 0.45 0.69
 898 F 6 2.92 3.05 3.16 7.87 7.95 8.06 0.23 0.40 0.57
 900 F 6 3.45 3.59 3.74 7.66 7.86 7.99 0.51 0.76 1.06
 901 F 4 2.82 3.07 3.24 7.81 7.95 8.09 0.24 0.41 0.70
 904 F 3 2.63 3.47 3.61 7.88 8.61 8.84 0.42 0.73 1.08
 907 F 4 2.68 3.10 3.36 7.70 7.93 8.19 0.48 0.83 1.36
 908 T 6 2.38 3.01 3.51 6.08 6.51 7.63 0.19 0.69 0.96
 909 F 4 2.62 3.06 3.33 6.53 6.64 6.82 0.18 0.26 0.35
 914 T 4 2.56 3.21 3.41 6.64 7.75 7.98 0.28 0.55 1.05
 916 F 4 2.82 2.99 3.12 7.75 8.05 8.23 0.29 0.61 1.05
 917 F 4 2.24 2.56 2.80 6.40 6.80 7.01 0.47 0.62 0.75
 923 F 5 3.40 3.74 3.92 7.79 8.63 8.92 0.32 0.63 1.49
 924 F 5 2.83 3.68 3.95 7.79 8.43 8.97 0.46 0.98 1.52
 925 F 6 4.50 4.55 4.60 8.14 8.20 8.26 0.84 1.01 1.07
 926 F 4 2.20 2.49 2.74 6.26 6.68 7.07 0.42 0.62 0.80
 928 F 6 3.23 3.41 3.75 7.25 7.47 7.87 0.26 0.34 0.44
 929 F 4 2.47 2.83 3.05 6.60 7.24 7.71 0.67 1.25 1.77
 930 T 4 2.44 3.18 3.52 6.58 7.78 8.06 0.26 0.51 0.84
 934 F 6 2.71 2.91 3.03 6.91 7.43 7.66 0.74 0.96 1.29
 938 F 4 2.73 3.12 3.39 7.63 7.89 8.15 0.46 0.84 1.37
 944 F 6 3.31 3.53 3.71 7.41 7.58 7.77 0.38 0.64 0.98
 945 F 4 2.82 3.35 3.59 6.55 6.61 6.97 0.75 2.19 2.34
 947 F 6 2.74 3.17 3.47 7.67 7.92 8.21 0.46 0.79 1.26
 952 T 5 2.47 2.88 3.15 6.41 6.68 7.79 0.52 2.20 2.41
 955 F 6 2.73 3.21 3.49 6.23 6.35 6.45 0.43 0.63 0.78
 959 F 6 2.93 3.13 3.30 7.71 7.84 7.99 0.36 0.59 0.88
 960 F 3 2.56 3.14 3.44 7.76 8.06 8.39 0.42 0.80 1.28
 962 F 4 2.25 2.58 3.00 6.60 6.72 6.83 0.26 0.35 0.44
 968 F 6 2.51 2.82 3.02 7.55 7.74 7.85 0.21 0.38 1.06
 970 F 6 2.88 3.16 3.37 7.90 8.07 8.22 0.54 0.88 1.21
 975 F 4 2.91 3.05 3.17 8.29 8.42 8.52 0.21 0.38 0.62
 977 F 6 2.70 3.15 3.33 7.86 8.23 8.43 0.40 0.69 1.05
 979 F 6 2.87 3.13 3.33 7.55 7.64 7.79 0.41 0.71 1.02
 984 F 3 2.69 3.12 3.36 7.95 8.36 8.65 0.34 0.65 1.11
 985 T 4 2.46 3.14 3.26 6.69 8.11 8.21 0.23 0.41 0.70
 987 F 4 2.41 2.92 3.11 6.54 7.02 7.29 0.71 0.97 1.21
 989 F 5 2.59 2.86 3.12 7.87 7.99 8.18 0.38 0.68 1.05
 991 F 4 2.16 2.47 3.06 6.05 6.18 6.75 0.73 0.89 1.07
1007 F 5 3.21 3.63 3.80 8.40 8.91 9.26 0.44 0.95 1.61
1009 F 4 2.93 3.27 3.44 7.76 8.02 8.21 0.41 0.67 0.95
1012 F 4 2.30 2.80 3.26 6.25 6.67 7.23 0.80 1.11 1.36
1013 T 4 2.34 3.34 3.53 6.66 8.11 8.38 0.19 0.37 0.75
1015 F 5 2.90 3.48 3.83 7.68 8.13 8.85 0.58 1.25 1.98
1018 F 5 2.92 3.14 3.30 8.44 8.66 8.87 0.41 0.70 1.06
1021 F 4 2.74 3.51 3.69 6.59 7.59 7.75 0.23 0.44 0.74
1023 F 6 2.27 2.54 2.94 6.51 6.57 6.64 0.27 0.38 0.46
1026 F 6 2.72 3.20 3.52 7.57 7.83 8.13 0.45 0.94 1.43
1033 F 6 3.10 3.29 3.43 7.62 7.79 7.90 0.89 1.10 1.35
1034 F 4 2.98 3.26 3.40 7.98 8.23 8.35 0.32 0.55 0.79
1038 F 4 2.61 3.00 3.27 7.80 8.00 8.21 0.45 0.86 1.34
1041 F 4 2.73 3.12 3.29 7.83 8.13 8.32 0.31 0.58 0.94
1043 F 3 2.47 2.98 3.30 7.82 8.09 8.51 0.40 0.74 1.38
1045 T 3 2.53 3.37 3.64 6.64 7.80 8.16 0.26 0.49 0.87
1046 F 4 2.82 3.14 3.34 7.73 7.84 7.93 0.27 0.46 0.70
1050 F 4 2.62 2.87 3.06 8.00 8.16 8.31 0.34 0.60 0.94
1051 F 4 2.59 2.74 2.87 7.78 8.01 8.17 0.31 0.52 0.81
1052 F 4 2.64 2.79 2.90 7.47 7.63 7.77 0.18 0.30 0.45
1054 F 6 3.53 3.69 3.89 8.13 8.25 8.40 0.57 0.90 1.25
1062 F 3 2.89 3.15 3.36 8.31 8.57 8.80 0.35 0.63 1.05
1063 T 6 2.46 3.46 4.51 6.65 7.96 9.35 0.74 2.46 4.19
1064 T 6 2.66 3.22 3.47 6.22 7.65 7.90 0.49 0.82 2.01
1066 F 6 2.80 3.43 3.63 7.74 8.09 8.27 0.37 0.90 1.22
1069 F 6 2.22 2.67 3.07 6.43 6.63 6.77 0.80 0.90 0.98
1070 F 6 2.93 3.11 3.25 7.67 7.77 7.92 0.41 0.61 0.84
1072 F 4 2.69 3.26 3.57 7.59 7.88 8.25 0.45 0.82 1.39
1074 F 4 2.26 2.65 3.01 6.24 6.42 6.75 0.26 0.39 0.52
1078 F 6 3.26 3.44 3.55 7.99 8.20 8.31 0.28 0.49 0.71
1080 F 6 2.87 3.13 3.32 7.61 7.78 7.95 0.42 0.69 1.08
1084 F 6 3.54 3.62 3.70 7.37 7.42 7.48 0.40 0.50 0.62
1085 F 6 2.65 2.87 3.05 7.65 7.79 7.91 0.38 0.63 1.01
1091 F 6 2.31 2.51 2.80 7.50 7.57 7.67 0.38 0.74 1.02
1092 F 3 2.71 2.92 3.09 7.95 8.19 8.37 0.27 0.51 0.91
1099 F 6 3.78 3.83 3.88 7.18 7.23 7.28 0.10 0.15 0.20
1115 F 6 2.92 3.19 3.42 7.42 7.61 7.95 0.44 0.79 1.25
1119 T 6 2.48 3.50 4.52 6.64 8.00 9.36 0.80 2.50 4.20
1124 T 3 2.39 2.75 3.02 6.68 7.50 8.04 0.47 1.04 1.77
1126 F 4 2.39 2.93 3.21 6.59 6.84 7.10 0.53 0.67 0.79
1128 F 3 2.69 3.18 3.45 7.97 8.47 8.79 0.39 0.73 1.22
1130 F 6 2.81 3.01 3.20 7.65 7.73 7.88 0.27 0.47 0.69
1140 T 6 2.83 3.17 3.37 6.58 7.78 7.97 0.28 0.53 1.66
1158 F 4 2.71 3.03 3.20 7.99 8.29 8.47 0.39 0.68 1.06
1160 F 4 2.97 3.28 3.41 7.93 8.38 8.50 0.26 0.48 0.82
1161 T 6 2.48 3.50 4.52 6.64 8.00 9.36 0.80 2.50 4.20
1163 T 6 2.48 3.50 4.52 6.64 8.00 9.36 0.80 2.50 4.20
1166 F 6 2.57 2.78 2.96 7.70 7.81 7.93 0.36 0.57 0.81
1170 F 4 2.28 2.67 2.94 6.44 6.73 7.09 0.33 0.48 0.61
1172 F 6 2.50 2.60 3.00 7.58 7.63 7.69 0.24 0.32 0.41
1177 F 4 2.68 2.87 3.03 7.39 7.78 8.03 0.38 0.75 1.25
1180 F 6 3.22 3.33 3.45 7.35 7.43 7.57 0.32 0.45 0.61
1181 F 6 2.71 2.80 3.18 6.32 6.39 6.47 1.22 1.30 1.37
1183 F 6 2.86 2.99 3.12 7.61 7.68 7.77 0.22 0.39 0.57
1186 F 4 2.49 3.30 3.46 7.70 8.15 8.37 0.33 0.59 0.93
1192 F 5 2.49 3.14 3.47 7.89 8.30 8.82 0.48 0.91 1.41
1195 F 6 2.98 3.32 3.54 7.57 7.81 8.08 1.25 1.79 2.24
1197 F 4 2.36 2.96 3.27 6.54 6.84 7.15 0.41 0.55 0.67
1198 T 4 2.37 3.04 3.87 6.55 6.70 8.21 0.16 0.46 0.76
1210 T 6 2.48 3.50 4.52 6.64 8.00 9.36 0.80 2.50 4.20
1212 F 6 2.70 2.78 2.92 7.52 7.63 7.70 0.18 0.25 0.41
1214 F 6 2.21 2.49 2.75 7.61 7.71 7.89 0.33 0.60 0.92
1220 F 4 2.61 2.83 2.99 8.17 8.39 8.53 0.33 0.59 0.95
1223 F 6 3.55 3.81 3.92 7.88 8.26 8.39 0.36 0.55 0.77
1230 T 6 2.69 3.04 4.18 6.98 7.71 9.02 0.42 1.44 3.86
1232 T 3 2.43 2.92 3.24 6.61 7.75 8.19 0.40 0.93 1.87
1237 F 4 2.79 3.20 3.35 7.77 8.03 8.21 0.25 0.46 0.75
1245 F 6 2.79 3.08 3.30 7.65 7.84 8.05 0.61 1.05 1.47
1250 F 6 2.84 2.95 3.24 7.83 7.97 8.25 0.54 1.08 1.30
1262 F 6 2.26 2.73 3.35 6.48 6.62 6.77 0.67 0.83 0.96
1265 F 4 2.65 3.14 3.41 7.72 7.96 8.23 0.62 1.07 1.51
1266 F 6 3.08 3.60 3.74 7.64 8.02 8.25 0.32 0.50 0.83
1269 F 4 2.68 3.08 3.24 6.72 7.35 7.68 0.58 0.97 1.40
1270 F 4 2.35 2.58 2.80 7.92 8.05 8.19 0.18 0.31 0.52
1273 F 6 2.41 2.81 3.03 6.61 6.85 7.04 0.40 0.52 0.63
1274 F 4 2.20 2.51 2.86 6.22 6.64 7.07 0.38 0.62 0.89
1275 F 6 3.72 3.87 3.98 8.49 8.74 8.95 0.48 0.81 1.16
1276 F 4 2.76 3.36 3.51 7.73 8.15 8.30 0.29 0.51 0.80
1277 F 4 2.88 3.17 3.32 7.94 8.17 8.29 0.23 0.38 0.62
1281 F 4 2.80 3.07 3.27 7.75 7.91 8.07 0.32 0.57 0.93
1283 T 6 2.49 3.46 4.51 6.65 7.96 9.35 0.75 2.46 4.19
1284 F 6 2.57 3.27 3.47 7.73 7.95 8.36 0.49 0.84 1.25
1292 T 6 2.48 3.50 4.52 6.64 8.00 9.36 0.80 2.50 4.20
1293 F 6 2.53 2.91 3.23 7.91 8.11 8.31 0.50 0.92 1.37
1295 F 5 2.50 3.34 3.54 7.75 8.30 8.60 0.32 0.56 0.85
1296 F 6 2.60 3.05 3.17 7.94 8.11 8.21 0.18 0.27 0.38
1300 F 6 2.74 3.03 3.23 7.88 8.05 8.20 0.60 0.93 1.31
1301 F 5 2.88 3.29 3.64 7.45 7.62 8.29 0.44 0.91 1.53
1309 F 4 2.87 3.10 3.25 7.97 8.24 8.39 0.29 0.53 0.89
1315 T 4 2.26 2.81 3.12 6.15 7.26 7.81 0.25 0.92 1.38
1320 F 5 2.50 3.31 3.50 7.94 8.60 8.98 0.42 0.80 1.31
1322 F 3 2.71 3.00 3.21 7.53 7.97 8.21 0.31 0.62 1.20
1330 F 4 2.50 3.19 3.33 7.65 8.21 8.37 0.25 0.49 0.86
1334 T 6 2.48 3.50 4.52 6.64 8.00 9.36 0.80 2.50 4.20
1339 T 6 2.48 3.50 4.52 6.64 7.99 9.36 0.81 2.50 4.20
1340 F 4 3.06 3.29 3.44 8.24 8.52 8.69 0.37 0.66 1.03
1350 F 6 2.16 2.64 2.84 7.33 7.39 7.50 0.82 0.91 1.22
1352 F 4 2.84 3.00 3.13 7.77 7.87 7.97 0.24 0.37 0.54
1357 T 6 2.48 3.50 4.52 6.64 8.00 9.36 0.80 2.50 4.20
1360 F 6 2.56 2.79 2.96 7.58 7.67 7.76 0.23 0.38 0.53
1369 F 4 3.24 3.38 3.50 8.39 8.61 8.78 0.22 0.43 0.84
1370 T 6 2.48 3.50 4.52 6.64 8.00 9.36 0.81 2.50 4.20
1372 F 4 2.71 2.88 3.02 7.62 7.88 8.05 0.27 0.52 0.87
1373 F 6 2.75 2.89 3.05 7.93 8.01 8.10 0.18 0.30 1.09
1378 F 4 2.72 3.02 3.23 7.53 7.77 7.97 0.34 0.62 1.11
1381 T 5 2.10 2.47 3.83 7.56 7.68 8.72 0.51 0.74 0.98
1389 F 3 2.66 2.92 3.14 8.05 8.35 8.59 0.30 0.55 0.98
1393 F 6 3.14 3.19 3.24 8.59 8.66 8.72 0.53 0.58 0.65
1395 F 6 2.73 3.11 3.34 7.79 8.03 8.23 0.53 0.88 1.27
1396 T 4 2.21 2.45 3.23 6.58 6.67 7.91 0.22 0.43 0.63
1398 F 4 2.92 3.11 3.23 7.59 7.83 8.01 0.32 0.63 0.88
1403 F 4 2.52 3.12 3.29 7.79 8.04 8.27 0.46 0.82 1.21
1405 F 6 3.13 3.43 3.59 7.87 8.13 8.30 0.59 0.92 1.24
1406 F 6 3.62 3.77 3.91 7.69 8.11 8.29 0.36 0.56 1.07
1416 F 6 3.10 3.39 3.53 7.87 8.14 8.26 0.40 0.64 0.93
1418 F 4 2.65 2.92 3.60 6.57 6.69 7.58 0.24 0.44 0.71
1420 F 6 2.74 3.00 3.22 7.55 7.65 7.81 0.47 0.76 1.09
1422 F 4 2.75 3.00 3.19 7.83 7.98 8.11 0.28 0.51 0.94
1424 F 6 2.68 2.95 3.18 7.69 7.78 7.93 0.59 0.92 1.23
1428 F 4 2.56 2.78 2.95 7.53 7.98 8.21 0.33 0.72 1.33
1437 F 6 2.88 3.23 3.40 7.87 8.10 8.24 0.61 0.97 1.31
1444 F 5 2.65 2.89 3.11 7.60 7.67 7.75 0.42 0.70 1.02
1457 F 6 2.31 2.41 2.71 6.54 6.59 6.64 0.48 0.58 0.70
1462 F 4 2.84 3.21 3.35 7.81 8.14 8.26 0.24 0.43 0.71
1464 F 6 3.58 3.68 3.79 8.21 8.36 8.43 0.19 0.46 0.87
1470 F 4 2.29 2.65 2.87 6.44 7.02 7.38 0.41 0.72 0.95
1471 F 6 2.93 3.12 3.30 7.50 7.57 7.72 0.32 0.53 0.77
1474 F 4 2.27 2.84 3.13 6.48 6.82 7.20 0.96 1.18 1.34
1480 F 6 2.16 2.40 2.67 6.15 6.30 6.42 0.71 0.85 0.99
1481 F 6 2.80 2.89 2.94 7.01 7.06 7.11 0.60 0.90 0.95
1492 F 6 3.24 3.41 3.52 7.47 7.54 7.67 0.67 0.86 1.04
1493 F 6 2.33 2.59 2.80 7.73 7.80 7.89 0.21 0.39 0.58
1494 F 6 2.51 2.85 3.12 7.79 8.05 8.27 0.33 0.57 0.88
1495 T 5 2.19 2.37 3.76 7.50 7.59 8.45 0.33 0.57 0.73
1505 T 4 2.19 2.52 3.36 6.27 7.60 8.26 0.36 1.76 3.02
1507 F 6 2.70 3.03 3.30 7.73 7.83 7.98 0.41 0.72 1.03
1511 F 4 2.14 2.44 2.83 6.66 6.75 6.85 0.34 0.41 0.48
1519 F 6 2.74 2.95 3.12 7.81 7.95 8.09 0.34 0.56 0.85
1520 F 6 2.68 2.90 3.08 7.81 7.91 8.03 0.65 0.96 1.24
1526 F 3 2.90 3.09 3.23 8.13 8.37 8.57 0.26 0.46 0.77
1527 F 5 2.71 3.21 3.58 7.74 8.00 8.34 0.56 1.09 1.56
1530 F 4 2.26 2.81 3.20 6.20 6.70 7.36 0.45 0.72 0.98
1546 F 4 2.75 3.14 3.31 7.85 8.20 8.40 0.31 0.57 0.94
1556 F 4 2.17 2.41 2.64 6.33 6.77 7.06 0.92 1.08 1.22
1562 F 6 2.70 2.99 3.24 7.87 8.05 8.23 0.40 0.69 1.05
1573 F 4 2.38 2.71 2.91 6.60 7.28 7.67 0.75 1.18 1.59
1583 F 6 2.77 3.02 3.22 7.85 8.00 8.14 0.60 0.92 1.30
1586 F 4 2.56 2.77 2.92 7.31 7.54 7.73 0.22 0.38 0.60
1599 F 4 2.26 2.65 2.90 6.36 6.96 7.38 0.38 0.64 0.91
1601 F 4 2.86 3.07 3.19 7.09 7.49 7.68 0.32 0.54 0.85
1602 F 6 3.19 3.39 3.56 8.07 8.23 8.33 0.46 0.80 1.11
1620 F 6 2.87 3.05 3.20 7.71 7.84 7.97 0.40 0.60 0.84
1631 T 6 2.55 3.17 4.41 6.71 7.73 9.25 0.34 2.16 4.10
1634 T 6 2.48 3.50 4.52 6.64 8.00 9.36 0.80 2.50 4.20
1650 T 3 2.53 2.94 3.20 6.95 7.91 8.30 0.37 0.80 1.55
1656 F 5 2.47 2.88 3.28 7.78 7.95 8.20 0.57 1.07 1.63
1664 T 3 2.27 3.22 3.54 6.64 7.96 8.38 0.26 0.51 0.83
1682 T 4 2.41 2.86 3.10 6.47 7.24 7.83 0.55 1.22 1.70
1695 T 5 2.49 3.46 4.51 6.65 7.96 9.35 0.78 2.47 4.19
1720 F 6 2.71 2.78 2.84 7.57 7.62 7.67 0.45 0.59 0.64
1730 F 5 3.07 3.52 3.80 7.37 7.73 8.19 0.56 1.01 1.76
1765 F 4 2.35 2.65 2.82 6.83 7.23 7.40 0.19 0.33 0.52
1766 F 4 2.15 2.38 2.60 6.35 6.88 7.33 0.98 1.37 1.67
1784 F 4 2.71 3.11 3.30 7.67 8.06 8.31 0.28 0.54 0.97
1789 F 4 2.56 2.77 2.91 7.66 7.77 7.88 0.21 0.34 0.53
1853 F 4 3.03 3.21 3.35 8.23 8.45 8.59 0.27 0.50 0.83
1950 F 6 2.55 2.96 3.20 8.03 8.29 8.46 0.39 0.66 1.01
1954 T 6 2.32 2.47 4.18 6.98 7.43 9.02 0.45 1.44 3.86
1961 F 4 2.78 3.10 3.27 7.89 8.20 8.37 0.30 0.55 0.92
1969 T 4 2.45 3.03 3.28 6.47 7.17 7.83 0.54 1.32 1.76